scope,run_id,timestamp_utc,host,gpu_model,device,rank,rank_count,dtype,M,N,K,collective,q,slice_bytes,backend,strategy,transport_hint,warmup,iteration_index,status,correctness,max_abs_error,max_rel_error,t_release_first_us,t_release_last_us,t_done_us,gemm_first_start_us,gemm_last_end_us,e2e_us,log_path,window
global_max,stage1_A_DEFAULT_S2_m2048k1024n2048_q8w0_rep1,2026-09-03T02:00:54Z,cs-ec021-cfaa2-server,NVIDIA A800-SXM4-80GB,0,0,4,fp32,8192,2048,1024,AllGather-GEMM,8,4194304,NCCL,B0_FULL_SERIAL,DEFAULT,20,0,PASS,1,0,0,238.591998816,238.591998816,266.719996929,270.240008831,2103.90400887,2107.42402077,/root/second_nvidia/ag-gemm-bench/results/stage1_20260903T015055Z/stage1_A_DEFAULT_S2_m2048k1024n2048_q8w0_rep1/rank{rank}.log,0
global_max,stage1_A_DEFAULT_S2_m2048k1024n2048_q8w0_rep1,2026-09-03T02:00:54Z,cs-ec021-cfaa2-server,NVIDIA A800-SXM4-80GB,0,0,4,fp32,8192,2048,1024,AllGather-GEMM,8,4194304,NCCL,B0_FULL_SERIAL,DEFAULT,20,1,PASS,1,0,0,1385.63203812,1385.63203812,1413.72799873,1417.63198376,3234.46393013,3237.98394203,/root/second_nvidia/ag-gemm-bench/results/stage1_20260903T015055Z/stage1_A_DEFAULT_S2_m2048k1024n2048_q8w0_rep1/rank{rank}.log,0
global_max,stage1_A_DEFAULT_S2_m2048k1024n2048_q8w0_rep1,2026-09-03T02:00:54Z,cs-ec021-cfaa2-server,NVIDIA A800-SXM4-80GB,0,0,4,fp32,8192,2048,1024,AllGather-GEMM,8,4194304,NCCL,B0_FULL_SERIAL,DEFAULT,20,2,PASS,1,0,0,354.303985834,354.303985834,382.43201375,385.984003544,2202.49605179,2206.01606369,/root/second_nvidia/ag-gemm-bench/results/stage1_20260903T015055Z/stage1_A_DEFAULT_S2_m2048k1024n2048_q8w0_rep1/rank{rank}.log,0
global_max,stage1_A_DEFAULT_S2_m2048k1024n2048_q8w0_rep1,2026-09-03T02:00:54Z,cs-ec021-cfaa2-server,NVIDIA A800-SXM4-80GB,0,0,4,fp32,8192,2048,1024,AllGather-GEMM,8,4194304,NCCL,B0_FULL_SERIAL,DEFAULT,20,3,PASS,1,0,0,419.519990683,419.519990683,447.616010904,451.135993004,2279.39200401,2282.91201591,/root/second_nvidia/ag-gemm-bench/results/stage1_20260903T015055Z/stage1_A_DEFAULT_S2_m2048k1024n2048_q8w0_rep1/rank{rank}.log,0
global_max,stage1_A_DEFAULT_S2_m2048k1024n2048_q8w0_rep1,2026-09-03T02:00:54Z,cs-ec021-cfaa2-server,NVIDIA A800-SXM4-80GB,0,0,4,fp32,8192,2048,1024,AllGather-GEMM,8,4194304,NCCL,B0_FULL_SERIAL,DEFAULT,20,4,PASS,1,0,0,469.855993986,469.855993986,498.239994049,501.760005951,2319.13590431,2322.65591621,/root/second_nvidia/ag-gemm-bench/results/stage1_20260903T015055Z/stage1_A_DEFAULT_S2_m2048k1024n2048_q8w0_rep1/rank{rank}.log,0
global_max,stage1_A_DEFAULT_S2_m2048k1024n2048_q8w0_rep1,2026-09-03T02:00:54Z,cs-ec021-cfaa2-server,NVIDIA A800-SXM4-80GB,0,0,4,fp32,8192,2048,1024,AllGather-GEMM,8,4194304,NCCL,B0_FULL_SERIAL,DEFAULT,20,5,PASS,1,0,0,512.607991695,512.607991695,541.2799716,544.799983501,2373.98409843,2377.50411034,/root/second_nvidia/ag-gemm-bench/results/stage1_20260903T015055Z/stage1_A_DEFAULT_S2_m2048k1024n2048_q8w0_rep1/rank{rank}.log,0
global_max,stage1_A_DEFAULT_S2_m2048k1024n2048_q8w0_rep1,2026-09-03T02:00:55Z,cs-ec021-cfaa2-server,NVIDIA A800-SXM4-80GB,0,0,4,fp32,8192,2048,1024,AllGather-GEMM,8,4194304,NCCL,B0_FULL_SERIAL,DEFAULT,20,6,PASS,1,0,0,557.056009769,557.056009769,585.376024246,588.895976543,2405.37595749,2408.92791748,/root/second_nvidia/ag-gemm-bench/results/stage1_20260903T015055Z/stage1_A_DEFAULT_S2_m2048k1024n2048_q8w0_rep1/rank{rank}.log,0
global_max,stage1_A_DEFAULT_S2_m2048k1024n2048_q8w0_rep1,2026-09-03T02:00:55Z,cs-ec021-cfaa2-server,NVIDIA A800-SXM4-80GB,0,0,4,fp32,8192,2048,1024,AllGather-GEMM,8,4194304,NCCL,B0_FULL_SERIAL,DEFAULT,20,7,PASS,1,0,0,538.52802515,538.52802515,566.688001156,570.208013058,2387.58397102,2391.07203484,/root/second_nvidia/ag-gemm-bench/results/stage1_20260903T015055Z/stage1_A_DEFAULT_S2_m2048k1024n2048_q8w0_rep1/rank{rank}.log,0
global_max,stage1_A_DEFAULT_S2_m2048k1024n2048_q8w0_rep1,2026-09-03T02:00:55Z,cs-ec021-cfaa2-server,NVIDIA A800-SXM4-80GB,0,0,4,fp32,8192,2048,1024,AllGather-GEMM,8,4194304,NCCL,B0_FULL_SERIAL,DEFAULT,20,8,PASS,1,0,0,313.087999821,313.087999821,341.152012348,344.671994448,2167.45591164,2171.00811005,/root/second_nvidia/ag-gemm-bench/results/stage1_20260903T015055Z/stage1_A_DEFAULT_S2_m2048k1024n2048_q8w0_rep1/rank{rank}.log,0
global_max,stage1_A_DEFAULT_S2_m2048k1024n2048_q8w0_rep1,2026-09-03T02:00:55Z,cs-ec021-cfaa2-server,NVIDIA A800-SXM4-80GB,0,0,4,fp32,8192,2048,1024,AllGather-GEMM,8,4194304,NCCL,B0_FULL_SERIAL,DEFAULT,20,9,PASS,1,0,0,418.047994375,418.047994375,446.431994438,449.95200634,2266.8800354,2270.4000473,/root/second_nvidia/ag-gemm-bench/results/stage1_20260903T015055Z/stage1_A_DEFAULT_S2_m2048k1024n2048_q8w0_rep1/rank{rank}.log,0
global_max,stage1_A_DEFAULT_S2_m2048k1024n2048_q8w0_rep1,2026-09-03T02:00:55Z,cs-ec021-cfaa2-server,NVIDIA A800-SXM4-80GB,0,0,4,fp32,8192,2048,1024,AllGather-GEMM,8,4194304,NCCL,B0_FULL_SERIAL,DEFAULT,20,10,PASS,1,0,0,359.616011381,359.616011381,387.840002775,391.456007957,2207.83996582,2211.35997772,/root/second_nvidia/ag-gemm-bench/results/stage1_20260903T015055Z/stage1_A_DEFAULT_S2_m2048k1024n2048_q8w0_rep1/rank{rank}.log,0
global_max,stage1_A_DEFAULT_S2_m2048k1024n2048_q8w0_rep1,2026-09-03T02:00:55Z,cs-ec021-cfaa2-server,NVIDIA A800-SXM4-80GB,0,0,4,fp32,8192,2048,1024,AllGather-GEMM,8,4194304,NCCL,B0_FULL_SERIAL,DEFAULT,20,11,PASS,1,0,0,561.407983303,561.407983303,589.760005474,593.31202507,2409.98411179,2413.53607178,/root/second_nvidia/ag-gemm-bench/results/stage1_20260903T015055Z/stage1_A_DEFAULT_S2_m2048k1024n2048_q8w0_rep1/rank{rank}.log,0
global_max,stage1_A_DEFAULT_S2_m2048k1024n2048_q8w0_rep1,2026-09-03T02:00:55Z,cs-ec021-cfaa2-server,NVIDIA A800-SXM4-80GB,0,0,4,fp32,8192,2048,1024,AllGather-GEMM,8,4194304,NCCL,B0_FULL_SERIAL,DEFAULT,20,12,PASS,1,0,0,383.616000414,383.616000414,411.808013916,415.327996016,2233.43992233,2236.92798615,/root/second_nvidia/ag-gemm-bench/results/stage1_20260903T015055Z/stage1_A_DEFAULT_S2_m2048k1024n2048_q8w0_rep1/rank{rank}.log,0
global_max,stage1_A_DEFAULT_S2_m2048k1024n2048_q8w0_rep1,2026-09-03T02:00:55Z,cs-ec021-cfaa2-server,NVIDIA A800-SXM4-80GB,0,0,4,fp32,8192,2048,1024,AllGather-GEMM,8,4194304,NCCL,B0_FULL_SERIAL,DEFAULT,20,13,PASS,1,0,0,511.103987694,511.103987694,539.583981037,543.103992939,2360.22400856,2363.74402046,/root/second_nvidia/ag-gemm-bench/results/stage1_20260903T015055Z/stage1_A_DEFAULT_S2_m2048k1024n2048_q8w0_rep1/rank{rank}.log,0
global_max,stage1_A_DEFAULT_S2_m2048k1024n2048_q8w0_rep1,2026-09-03T02:00:55Z,cs-ec021-cfaa2-server,NVIDIA A800-SXM4-80GB,0,0,4,fp32,8192,2048,1024,AllGather-GEMM,8,4194304,NCCL,B0_FULL_SERIAL,DEFAULT,20,14,PASS,1,0,0,419.584006071,419.584006071,448.320001364,451.871991158,2268.06402206,2271.61598206,/root/second_nvidia/ag-gemm-bench/results/stage1_20260903T015055Z/stage1_A_DEFAULT_S2_m2048k1024n2048_q8w0_rep1/rank{rank}.log,0
global_max,stage1_A_DEFAULT_S2_m2048k1024n2048_q8w0_rep1,2026-09-03T02:00:55Z,cs-ec021-cfaa2-server,NVIDIA A800-SXM4-80GB,0,0,4,fp32,8192,2048,1024,AllGather-GEMM,8,4194304,NCCL,B0_FULL_SERIAL,DEFAULT,20,15,PASS,1,0,0,438.847988844,438.847988844,467.263996601,470.784008503,2287.10389137,2290.65608978,/root/second_nvidia/ag-gemm-bench/results/stage1_20260903T015055Z/stage1_A_DEFAULT_S2_m2048k1024n2048_q8w0_rep1/rank{rank}.log,0
global_max,stage1_A_DEFAULT_S2_m2048k1024n2048_q8w0_rep1,2026-09-03T02:00:56Z,cs-ec021-cfaa2-server,NVIDIA A800-SXM4-80GB,0,0,4,fp32,8192,2048,1024,AllGather-GEMM,8,4194304,NCCL,B0_FULL_SERIAL,DEFAULT,20,16,PASS,1,0,0,444.896012545,444.896012545,473.376005888,476.895987988,2293.98393631,2297.50394821,/root/second_nvidia/ag-gemm-bench/results/stage1_20260903T015055Z/stage1_A_DEFAULT_S2_m2048k1024n2048_q8w0_rep1/rank{rank}.log,0
global_max,stage1_A_DEFAULT_S2_m2048k1024n2048_q8w0_rep1,2026-09-03T02:00:56Z,cs-ec021-cfaa2-server,NVIDIA A800-SXM4-80GB,0,0,4,fp32,8192,2048,1024,AllGather-GEMM,8,4194304,NCCL,B0_FULL_SERIAL,DEFAULT,20,17,PASS,1,0,0,471.904009581,471.904009581,500.256001949,503.776013851,2333.3439827,2336.80009842,/root/second_nvidia/ag-gemm-bench/results/stage1_20260903T015055Z/stage1_A_DEFAULT_S2_m2048k1024n2048_q8w0_rep1/rank{rank}.log,0
global_max,stage1_A_DEFAULT_S2_m2048k1024n2048_q8w0_rep1,2026-09-03T02:00:56Z,cs-ec021-cfaa2-server,NVIDIA A800-SXM4-80GB,0,0,4,fp32,8192,2048,1024,AllGather-GEMM,8,4194304,NCCL,B0_FULL_SERIAL,DEFAULT,20,18,PASS,1,0,0,349.631994963,349.631994963,378.143996,381.664007902,2211.04001999,2214.5280838,/root/second_nvidia/ag-gemm-bench/results/stage1_20260903T015055Z/stage1_A_DEFAULT_S2_m2048k1024n2048_q8w0_rep1/rank{rank}.log,0
global_max,stage1_A_DEFAULT_S2_m2048k1024n2048_q8w0_rep1,2026-09-03T02:00:56Z,cs-ec021-cfaa2-server,NVIDIA A800-SXM4-80GB,0,0,4,fp32,8192,2048,1024,AllGather-GEMM,8,4194304,NCCL,B0_FULL_SERIAL,DEFAULT,20,19,PASS,1,0,0,419.584006071,419.584006071,451.039999723,454.944014549,2699.29599762,2703.29594612,/root/second_nvidia/ag-gemm-bench/results/stage1_20260903T015055Z/stage1_A_DEFAULT_S2_m2048k1024n2048_q8w0_rep1/rank{rank}.log,0
global_max,stage1_A_DEFAULT_S2_m2048k1024n2048_q8w0_rep1,2026-09-03T02:00:56Z,cs-ec021-cfaa2-server,NVIDIA A800-SXM4-80GB,0,0,4,fp32,8192,2048,1024,AllGather-GEMM,8,4194304,NCCL,B0_FULL_SERIAL,DEFAULT,20,20,PASS,1,0,0,417.952001095,417.952001095,446.368008852,449.887990952,2689.40806389,2693.34411621,/root/second_nvidia/ag-gemm-bench/results/stage1_20260903T015055Z/stage1_A_DEFAULT_S2_m2048k1024n2048_q8w0_rep1/rank{rank}.log,0
global_max,stage1_A_DEFAULT_S2_m2048k1024n2048_q8w0_rep1,2026-09-03T02:00:56Z,cs-ec021-cfaa2-server,NVIDIA A800-SXM4-80GB,0,0,4,fp32,8192,2048,1024,AllGather-GEMM,8,4194304,NCCL,B0_FULL_SERIAL,DEFAULT,20,21,PASS,1,0,0,407.45601058,407.45601058,438.879996538,442.784011364,2687.26396561,2691.16806984,/root/second_nvidia/ag-gemm-bench/results/stage1_20260903T015055Z/stage1_A_DEFAULT_S2_m2048k1024n2048_q8w0_rep1/rank{rank}.log,0
global_max,stage1_A_DEFAULT_S2_m2048k1024n2048_q8w0_rep1,2026-09-03T02:00:56Z,cs-ec021-cfaa2-server,NVIDIA A800-SXM4-80GB,0,0,4,fp32,8192,2048,1024,AllGather-GEMM,8,4194304,NCCL,B0_FULL_SERIAL,DEFAULT,20,22,PASS,1,0,0,332.767993212,332.767993212,364.223986864,368.160009384,2618.8158989,2622.75195122,/root/second_nvidia/ag-gemm-bench/results/stage1_20260903T015055Z/stage1_A_DEFAULT_S2_m2048k1024n2048_q8w0_rep1/rank{rank}.log,0
global_max,stage1_A_DEFAULT_S2_m2048k1024n2048_q8w0_rep1,2026-09-03T02:00:56Z,cs-ec021-cfaa2-server,NVIDIA A800-SXM4-80GB,0,0,4,fp32,8192,2048,1024,AllGather-GEMM,8,4194304,NCCL,B0_FULL_SERIAL,DEFAULT,20,23,PASS,1,0,0,396.384000778,396.384000778,427.711993456,431.616008282,2681.3120842,2685.2478981,/root/second_nvidia/ag-gemm-bench/results/stage1_20260903T015055Z/stage1_A_DEFAULT_S2_m2048k1024n2048_q8w0_rep1/rank{rank}.log,0
global_max,stage1_A_DEFAULT_S2_m2048k1024n2048_q8w0_rep1,2026-09-03T02:00:56Z,cs-ec021-cfaa2-server,NVIDIA A800-SXM4-80GB,0,0,4,fp32,8192,2048,1024,AllGather-GEMM,8,4194304,NCCL,B0_FULL_SERIAL,DEFAULT,20,24,PASS,1,0,0,397.343993187,397.343993187,428.992003202,432.895988226,2681.56790733,2685.47201157,/root/second_nvidia/ag-gemm-bench/results/stage1_20260903T015055Z/stage1_A_DEFAULT_S2_m2048k1024n2048_q8w0_rep1/rank{rank}.log,0
global_max,stage1_A_DEFAULT_S2_m2048k1024n2048_q8w0_rep1,2026-09-03T02:00:56Z,cs-ec021-cfaa2-server,NVIDIA A800-SXM4-80GB,0,0,4,fp32,8192,2048,1024,AllGather-GEMM,8,4194304,NCCL,B0_FULL_SERIAL,DEFAULT,20,25,PASS,1,0,0,392.096012831,392.096012831,423.26399684,427.199989557,2675.51994324,2679.48794365,/root/second_nvidia/ag-gemm-bench/results/stage1_20260903T015055Z/stage1_A_DEFAULT_S2_m2048k1024n2048_q8w0_rep1/rank{rank}.log,0
global_max,stage1_A_DEFAULT_S2_m2048k1024n2048_q8w0_rep1,2026-09-03T02:00:56Z,cs-ec021-cfaa2-server,NVIDIA A800-SXM4-80GB,0,0,4,fp32,8192,2048,1024,AllGather-GEMM,8,4194304,NCCL,B0_FULL_SERIAL,DEFAULT,20,26,PASS,1,0,0,615.808010101,615.808010101,647.231996059,651.199996471,2899.19996262,2903.13601494,/root/second_nvidia/ag-gemm-bench/results/stage1_20260903T015055Z/stage1_A_DEFAULT_S2_m2048k1024n2048_q8w0_rep1/rank{rank}.log,0
global_max,stage1_A_DEFAULT_S2_m2048k1024n2048_q8w0_rep1,2026-09-03T02:00:57Z,cs-ec021-cfaa2-server,NVIDIA A800-SXM4-80GB,0,0,4,fp32,8192,2048,1024,AllGather-GEMM,8,4194304,NCCL,B0_FULL_SERIAL,DEFAULT,20,27,PASS,1,0,0,575.872004032,575.872004032,607.327997684,611.231982708,2862.72001266,2866.6241169,/root/second_nvidia/ag-gemm-bench/results/stage1_20260903T015055Z/stage1_A_DEFAULT_S2_m2048k1024n2048_q8w0_rep1/rank{rank}.log,0
global_max,stage1_A_DEFAULT_S2_m2048k1024n2048_q8w0_rep1,2026-09-03T02:00:57Z,cs-ec021-cfaa2-server,NVIDIA A800-SXM4-80GB,0,0,4,fp32,8192,2048,1024,AllGather-GEMM,8,4194304,NCCL,B0_FULL_SERIAL,DEFAULT,20,28,PASS,1,0,0,382.624000311,382.624000311,414.047986269,417.984008789,2667.64807701,2671.77605629,/root/second_nvidia/ag-gemm-bench/results/stage1_20260903T015055Z/stage1_A_DEFAULT_S2_m2048k1024n2048_q8w0_rep1/rank{rank}.log,0
global_max,stage1_A_DEFAULT_S2_m2048k1024n2048_q8w0_rep1,2026-09-03T02:00:57Z,cs-ec021-cfaa2-server,NVIDIA A800-SXM4-80GB,0,0,4,fp32,8192,2048,1024,AllGather-GEMM,8,4194304,NCCL,B0_FULL_SERIAL,DEFAULT,20,29,PASS,1,0,0,314.016014338,314.016014338,345.344007015,349.247992039,2600.44789314,2604.38394547,/root/second_nvidia/ag-gemm-bench/results/stage1_20260903T015055Z/stage1_A_DEFAULT_S2_m2048k1024n2048_q8w0_rep1/rank{rank}.log,0
global_max,stage1_A_DEFAULT_S2_m2048k1024n2048_q8w0_rep1,2026-09-03T02:00:57Z,cs-ec021-cfaa2-server,NVIDIA A800-SXM4-80GB,0,0,4,fp32,8192,2048,1024,AllGather-GEMM,8,4194304,NCCL,B0_FULL_SERIAL,DEFAULT,20,30,PASS,1,0,0,337.375998497,337.375998497,368.768006563,372.703999281,2623.07190895,2627.00796127,/root/second_nvidia/ag-gemm-bench/results/stage1_20260903T015055Z/stage1_A_DEFAULT_S2_m2048k1024n2048_q8w0_rep1/rank{rank}.log,0
global_max,stage1_A_DEFAULT_S2_m2048k1024n2048_q8w0_rep1,2026-09-03T02:00:57Z,cs-ec021-cfaa2-server,NVIDIA A800-SXM4-80GB,0,0,4,fp32,8192,2048,1024,AllGather-GEMM,8,4194304,NCCL,B0_FULL_SERIAL,DEFAULT,20,31,PASS,1,0,0,516.704022884,516.704022884,548.255980015,552.191972733,2799.64804649,2803.58409882,/root/second_nvidia/ag-gemm-bench/results/stage1_20260903T015055Z/stage1_A_DEFAULT_S2_m2048k1024n2048_q8w0_rep1/rank{rank}.log,0
global_max,stage1_A_DEFAULT_S2_m2048k1024n2048_q8w0_rep1,2026-09-03T02:00:57Z,cs-ec021-cfaa2-server,NVIDIA A800-SXM4-80GB,0,0,4,fp32,8192,2048,1024,AllGather-GEMM,8,4194304,NCCL,B0_FULL_SERIAL,DEFAULT,20,32,PASS,1,0,0,401.407986879,401.407986879,432.799994946,436.735987663,2684.47995186,2688.41600418,/root/second_nvidia/ag-gemm-bench/results/stage1_20260903T015055Z/stage1_A_DEFAULT_S2_m2048k1024n2048_q8w0_rep1/rank{rank}.log,0
global_max,stage1_A_DEFAULT_S2_m2048k1024n2048_q8w0_rep1,2026-09-03T02:00:57Z,cs-ec021-cfaa2-server,NVIDIA A800-SXM4-80GB,0,0,4,fp32,8192,2048,1024,AllGather-GEMM,8,4194304,NCCL,B0_FULL_SERIAL,DEFAULT,20,33,PASS,1,0,0,520.608007908,520.608007908,551.648020744,555.552005768,2808.92801285,2812.83211708,/root/second_nvidia/ag-gemm-bench/results/stage1_20260903T015055Z/stage1_A_DEFAULT_S2_m2048k1024n2048_q8w0_rep1/rank{rank}.log,0
global_max,stage1_A_DEFAULT_S2_m2048k1024n2048_q8w0_rep1,2026-09-03T02:00:57Z,cs-ec021-cfaa2-server,NVIDIA A800-SXM4-80GB,0,0,4,fp32,8192,2048,1024,AllGather-GEMM,8,4194304,NCCL,B0_FULL_SERIAL,DEFAULT,20,34,PASS,1,0,0,409.759998322,409.759998322,440.959990025,444.86400485,2696.41590118,2700.35195351,/root/second_nvidia/ag-gemm-bench/results/stage1_20260903T015055Z/stage1_A_DEFAULT_S2_m2048k1024n2048_q8w0_rep1/rank{rank}.log,0
global_max,stage1_A_DEFAULT_S2_m2048k1024n2048_q8w0_rep1,2026-09-03T02:00:57Z,cs-ec021-cfaa2-server,NVIDIA A800-SXM4-80GB,0,0,4,fp32,8192,2048,1024,AllGather-GEMM,8,4194304,NCCL,B0_FULL_SERIAL,DEFAULT,20,35,PASS,1,0,0,420.415997505,420.415997505,451.775997877,455.680012703,2708.9600563,2712.89610863,/root/second_nvidia/ag-gemm-bench/results/stage1_20260903T015055Z/stage1_A_DEFAULT_S2_m2048k1024n2048_q8w0_rep1/rank{rank}.log,0
global_max,stage1_A_DEFAULT_S2_m2048k1024n2048_q8w0_rep1,2026-09-03T02:00:57Z,cs-ec021-cfaa2-server,NVIDIA A800-SXM4-80GB,0,0,4,fp32,8192,2048,1024,AllGather-GEMM,8,4194304,NCCL,B0_FULL_SERIAL,DEFAULT,20,36,PASS,1,0,0,544.000029564,544.000029564,575.680017471,579.616010189,2823.67992401,2827.61597633,/root/second_nvidia/ag-gemm-bench/results/stage1_20260903T015055Z/stage1_A_DEFAULT_S2_m2048k1024n2048_q8w0_rep1/rank{rank}.log,0
global_max,stage1_A_DEFAULT_S2_m2048k1024n2048_q8w0_rep1,2026-09-03T02:00:58Z,cs-ec021-cfaa2-server,NVIDIA A800-SXM4-80GB,0,0,4,fp32,8192,2048,1024,AllGather-GEMM,8,4194304,NCCL,B0_FULL_SERIAL,DEFAULT,20,37,PASS,1,0,0,524.384021759,524.384021759,555.840015411,559.776008129,2810.08005142,2814.01610374,/root/second_nvidia/ag-gemm-bench/results/stage1_20260903T015055Z/stage1_A_DEFAULT_S2_m2048k1024n2048_q8w0_rep1/rank{rank}.log,0
global_max,stage1_A_DEFAULT_S2_m2048k1024n2048_q8w0_rep1,2026-09-03T02:00:58Z,cs-ec021-cfaa2-server,NVIDIA A800-SXM4-80GB,0,0,4,fp32,8192,2048,1024,AllGather-GEMM,8,4194304,NCCL,B0_FULL_SERIAL,DEFAULT,20,38,PASS,1,0,0,329.600006342,329.600006342,361.055999994,364.991992712,2614.88008499,2618.78395081,/root/second_nvidia/ag-gemm-bench/results/stage1_20260903T015055Z/stage1_A_DEFAULT_S2_m2048k1024n2048_q8w0_rep1/rank{rank}.log,0
global_max,stage1_A_DEFAULT_S2_m2048k1024n2048_q8w0_rep1,2026-09-03T02:00:58Z,cs-ec021-cfaa2-server,NVIDIA A800-SXM4-80GB,0,0,4,fp32,8192,2048,1024,AllGather-GEMM,8,4194304,NCCL,B0_FULL_SERIAL,DEFAULT,20,39,PASS,1,0,0,416.415989399,416.415989399,447.872012854,451.775997877,2700.92797279,2704.89597321,/root/second_nvidia/ag-gemm-bench/results/stage1_20260903T015055Z/stage1_A_DEFAULT_S2_m2048k1024n2048_q8w0_rep1/rank{rank}.log,0
global_max,stage1_A_DEFAULT_S2_m2048k1024n2048_q8w0_rep1,2026-09-03T02:00:58Z,cs-ec021-cfaa2-server,NVIDIA A800-SXM4-80GB,0,0,4,fp32,8192,2048,1024,AllGather-GEMM,8,4194304,NCCL,B0_FULL_SERIAL,DEFAULT,20,40,PASS,1,0,0,464.415997267,464.415997267,495.936006308,499.839991331,2748.86393547,2752.7680397,/root/second_nvidia/ag-gemm-bench/results/stage1_20260903T015055Z/stage1_A_DEFAULT_S2_m2048k1024n2048_q8w0_rep1/rank{rank}.log,0
global_max,stage1_A_DEFAULT_S2_m2048k1024n2048_q8w0_rep1,2026-09-03T02:00:58Z,cs-ec021-cfaa2-server,NVIDIA A800-SXM4-80GB,0,0,4,fp32,8192,2048,1024,AllGather-GEMM,8,4194304,NCCL,B0_FULL_SERIAL,DEFAULT,20,41,PASS,1,0,0,359.008014202,359.008014202,390.848010778,394.784003496,2643.74399185,2647.71199226,/root/second_nvidia/ag-gemm-bench/results/stage1_20260903T015055Z/stage1_A_DEFAULT_S2_m2048k1024n2048_q8w0_rep1/rank{rank}.log,0
global_max,stage1_A_DEFAULT_S2_m2048k1024n2048_q8w0_rep1,2026-09-03T02:00:58Z,cs-ec021-cfaa2-server,NVIDIA A800-SXM4-80GB,0,0,4,fp32,8192,2048,1024,AllGather-GEMM,8,4194304,NCCL,B0_FULL_SERIAL,DEFAULT,20,42,PASS,1,0,0,393.471986055,393.471986055,425.087988377,429.055988789,2678.62391472,2682.59191513,/root/second_nvidia/ag-gemm-bench/results/stage1_20260903T015055Z/stage1_A_DEFAULT_S2_m2048k1024n2048_q8w0_rep1/rank{rank}.log,0
global_max,stage1_A_DEFAULT_S2_m2048k1024n2048_q8w0_rep1,2026-09-03T02:00:58Z,cs-ec021-cfaa2-server,NVIDIA A800-SXM4-80GB,0,0,4,fp32,8192,2048,1024,AllGather-GEMM,8,4194304,NCCL,B0_FULL_SERIAL,DEFAULT,20,43,PASS,1,0,0,468.768000603,468.768000603,500.159978867,504.064023495,2753.02410126,2756.92796707,/root/second_nvidia/ag-gemm-bench/results/stage1_20260903T015055Z/stage1_A_DEFAULT_S2_m2048k1024n2048_q8w0_rep1/rank{rank}.log,0
global_max,stage1_A_DEFAULT_S2_m2048k1024n2048_q8w0_rep1,2026-09-03T02:00:58Z,cs-ec021-cfaa2-server,NVIDIA A800-SXM4-80GB,0,0,4,fp32,8192,2048,1024,AllGather-GEMM,8,4194304,NCCL,B0_FULL_SERIAL,DEFAULT,20,44,PASS,1,0,0,406.976014376,406.976014376,438.36799264,442.303985357,2692.60811806,2696.57611847,/root/second_nvidia/ag-gemm-bench/results/stage1_20260903T015055Z/stage1_A_DEFAULT_S2_m2048k1024n2048_q8w0_rep1/rank{rank}.log,0
global_max,stage1_A_DEFAULT_S2_m2048k1024n2048_q8w0_rep1,2026-09-03T02:00:58Z,cs-ec021-cfaa2-server,NVIDIA A800-SXM4-80GB,0,0,4,fp32,8192,2048,1024,AllGather-GEMM,8,4194304,NCCL,B0_FULL_SERIAL,DEFAULT,20,45,PASS,1,0,0,318.367987871,318.367987871,349.855989218,353.792011738,2602.88000107,2606.84800148,/root/second_nvidia/ag-gemm-bench/results/stage1_20260903T015055Z/stage1_A_DEFAULT_S2_m2048k1024n2048_q8w0_rep1/rank{rank}.log,0
global_max,stage1_A_DEFAULT_S2_m2048k1024n2048_q8w0_rep1,2026-09-03T02:00:58Z,cs-ec021-cfaa2-server,NVIDIA A800-SXM4-80GB,0,0,4,fp32,8192,2048,1024,AllGather-GEMM,8,4194304,NCCL,B0_FULL_SERIAL,DEFAULT,20,46,PASS,1,0,0,521.727979183,521.727979183,553.088009357,557.024002075,2806.11205101,2810.04810333,/root/second_nvidia/ag-gemm-bench/results/stage1_20260903T015055Z/stage1_A_DEFAULT_S2_m2048k1024n2048_q8w0_rep1/rank{rank}.log,0
global_max,stage1_A_DEFAULT_S2_m2048k1024n2048_q8w0_rep1,2026-09-03T02:00:59Z,cs-ec021-cfaa2-server,NVIDIA A800-SXM4-80GB,0,0,4,fp32,8192,2048,1024,AllGather-GEMM,8,4194304,NCCL,B0_FULL_SERIAL,DEFAULT,20,47,PASS,1,0,0,432.864010334,432.864010334,464.159995317,468.064010143,2718.68801117,2722.62406349,/root/second_nvidia/ag-gemm-bench/results/stage1_20260903T015055Z/stage1_A_DEFAULT_S2_m2048k1024n2048_q8w0_rep1/rank{rank}.log,0
global_max,stage1_A_DEFAULT_S2_m2048k1024n2048_q8w0_rep1,2026-09-03T02:00:59Z,cs-ec021-cfaa2-server,NVIDIA A800-SXM4-80GB,0,0,4,fp32,8192,2048,1024,AllGather-GEMM,8,4194304,NCCL,B0_FULL_SERIAL,DEFAULT,20,48,PASS,1,0,0,409.727990627,409.727990627,441.376000643,445.311993361,2695.23191452,2699.16796684,/root/second_nvidia/ag-gemm-bench/results/stage1_20260903T015055Z/stage1_A_DEFAULT_S2_m2048k1024n2048_q8w0_rep1/rank{rank}.log,0
global_max,stage1_A_DEFAULT_S2_m2048k1024n2048_q8w0_rep1,2026-09-03T02:00:59Z,cs-ec021-cfaa2-server,NVIDIA A800-SXM4-80GB,0,0,4,fp32,8192,2048,1024,AllGather-GEMM,8,4194304,NCCL,B0_FULL_SERIAL,DEFAULT,20,49,PASS,1,0,0,433.568000793,433.568000793,465.05600214,468.959987164,2718.84799004,2722.78404236,/root/second_nvidia/ag-gemm-bench/results/stage1_20260903T015055Z/stage1_A_DEFAULT_S2_m2048k1024n2048_q8w0_rep1/rank{rank}.log,0
global_max,stage1_A_DEFAULT_S2_m2048k1024n2048_q8w0_rep1,2026-09-03T02:00:59Z,cs-ec021-cfaa2-server,NVIDIA A800-SXM4-80GB,0,0,4,fp32,8192,2048,1024,AllGather-GEMM,8,4194304,NCCL,B1_SLICE_SERIAL,DEFAULT,20,0,PASS,1,0,0,154.464006424,3125.95200539,3129.88805771,158.720001578,3463.90390396,3467.83995628,/root/second_nvidia/ag-gemm-bench/results/stage1_20260903T015055Z/stage1_A_DEFAULT_S2_m2048k1024n2048_q8w0_rep1/rank{rank}.log,0
global_max,stage1_A_DEFAULT_S2_m2048k1024n2048_q8w0_rep1,2026-09-03T02:00:59Z,cs-ec021-cfaa2-server,NVIDIA A800-SXM4-80GB,0,0,4,fp32,8192,2048,1024,AllGather-GEMM,8,4194304,NCCL,B1_SLICE_SERIAL,DEFAULT,20,1,PASS,1,0,0,286.271989346,3330.87992668,3334.78403091,290.560007095,3669.05593872,3672.99199104,/root/second_nvidia/ag-gemm-bench/results/stage1_20260903T015055Z/stage1_A_DEFAULT_S2_m2048k1024n2048_q8w0_rep1/rank{rank}.log,0
global_max,stage1_A_DEFAULT_S2_m2048k1024n2048_q8w0_rep1,2026-09-03T02:00:59Z,cs-ec021-cfaa2-server,NVIDIA A800-SXM4-80GB,0,0,4,fp32,8192,2048,1024,AllGather-GEMM,8,4194304,NCCL,B1_SLICE_SERIAL,DEFAULT,20,2,PASS,1,0,0,281.12000227,3295.29595375,3299.20005798,285.407990217,3632.9600811,3636.83199883,/root/second_nvidia/ag-gemm-bench/results/stage1_20260903T015055Z/stage1_A_DEFAULT_S2_m2048k1024n2048_q8w0_rep1/rank{rank}.log,0
global_max,stage1_A_DEFAULT_S2_m2048k1024n2048_q8w0_rep1,2026-09-03T02:00:59Z,cs-ec021-cfaa2-server,NVIDIA A800-SXM4-80GB,0,0,4,fp32,8192,2048,1024,AllGather-GEMM,8,4194304,NCCL,B1_SLICE_SERIAL,DEFAULT,20,3,PASS,1,0,0,292.160004377,3318.65596771,3322.52788544,296.543985605,3658.04791451,3661.98396683,/root/second_nvidia/ag-gemm-bench/results/stage1_20260903T015055Z/stage1_A_DEFAULT_S2_m2048k1024n2048_q8w0_rep1/rank{rank}.log,0
global_max,stage1_A_DEFAULT_S2_m2048k1024n2048_q8w0_rep1,2026-09-03T02:00:59Z,cs-ec021-cfaa2-server,NVIDIA A800-SXM4-80GB,0,0,4,fp32,8192,2048,1024,AllGather-GEMM,8,4194304,NCCL,B1_SLICE_SERIAL,DEFAULT,20,4,PASS,1,0,0,387.872010469,3383.6479187,3387.58397102,392.287999392,3721.24791145,3725.21591187,/root/second_nvidia/ag-gemm-bench/results/stage1_20260903T015055Z/stage1_A_DEFAULT_S2_m2048k1024n2048_q8w0_rep1/rank{rank}.log,0
global_max,stage1_A_DEFAULT_S2_m2048k1024n2048_q8w0_rep1,2026-09-03T02:00:59Z,cs-ec021-cfaa2-server,NVIDIA A800-SXM4-80GB,0,0,4,fp32,8192,2048,1024,AllGather-GEMM,8,4194304,NCCL,B1_SLICE_SERIAL,DEFAULT,20,5,PASS,1,0,0,478.592008352,3526.36790276,3530.2400589,483.072012663,3865.15188217,3869.02403831,/root/second_nvidia/ag-gemm-bench/results/stage1_20260903T015055Z/stage1_A_DEFAULT_S2_m2048k1024n2048_q8w0_rep1/rank{rank}.log,0
global_max,stage1_A_DEFAULT_S2_m2048k1024n2048_q8w0_rep1,2026-09-03T02:00:59Z,cs-ec021-cfaa2-server,NVIDIA A800-SXM4-80GB,0,0,4,fp32,8192,2048,1024,AllGather-GEMM,8,4194304,NCCL,B1_SLICE_SERIAL,DEFAULT,20,6,PASS,1,0,0,288.960009813,3316.35189056,3320.28794289,293.280005455,3653.37610245,3657.34410286,/root/second_nvidia/ag-gemm-bench/results/stage1_20260903T015055Z/stage1_A_DEFAULT_S2_m2048k1024n2048_q8w0_rep1/rank{rank}.log,0
global_max,stage1_A_DEFAULT_S2_m2048k1024n2048_q8w0_rep1,2026-09-03T02:00:59Z,cs-ec021-cfaa2-server,NVIDIA A800-SXM4-80GB,0,0,4,fp32,8192,2048,1024,AllGather-GEMM,8,4194304,NCCL,B1_SLICE_SERIAL,DEFAULT,20,7,PASS,1,0,0,246.015995741,3272.76802063,3276.76796913,250.335991383,3611.39202118,3615.29588699,/root/second_nvidia/ag-gemm-bench/results/stage1_20260903T015055Z/stage1_A_DEFAULT_S2_m2048k1024n2048_q8w0_rep1/rank{rank}.log,0
global_max,stage1_A_DEFAULT_S2_m2048k1024n2048_q8w0_rep1,2026-09-03T02:01:00Z,cs-ec021-cfaa2-server,NVIDIA A800-SXM4-80GB,0,0,4,fp32,8192,2048,1024,AllGather-GEMM,8,4194304,NCCL,B1_SLICE_SERIAL,DEFAULT,20,8,PASS,1,0,0,298.848003149,3305.53603172,3309.47208405,303.200006485,3643.32795143,3647.29595184,/root/second_nvidia/ag-gemm-bench/results/stage1_20260903T015055Z/stage1_A_DEFAULT_S2_m2048k1024n2048_q8w0_rep1/rank{rank}.log,0
global_max,stage1_A_DEFAULT_S2_m2048k1024n2048_q8w0_rep1,2026-09-03T02:01:00Z,cs-ec021-cfaa2-server,NVIDIA A800-SXM4-80GB,0,0,4,fp32,8192,2048,1024,AllGather-GEMM,8,4194304,NCCL,B1_SLICE_SERIAL,DEFAULT,20,9,PASS,1,0,0,301.216006279,3364.86411095,3368.76797676,305.599987507,3703.77588272,3707.74388313,/root/second_nvidia/ag-gemm-bench/results/stage1_20260903T015055Z/stage1_A_DEFAULT_S2_m2048k1024n2048_q8w0_rep1/rank{rank}.log,0
global_max,stage1_A_DEFAULT_S2_m2048k1024n2048_q8w0_rep1,2026-09-03T02:01:00Z,cs-ec021-cfaa2-server,NVIDIA A800-SXM4-80GB,0,0,4,fp32,8192,2048,1024,AllGather-GEMM,8,4194304,NCCL,B1_SLICE_SERIAL,DEFAULT,20,10,PASS,1,0,0,205.599993467,3278.23996544,3282.11188316,210.304006934,3615.04006386,3619.00806427,/root/second_nvidia/ag-gemm-bench/results/stage1_20260903T015055Z/stage1_A_DEFAULT_S2_m2048k1024n2048_q8w0_rep1/rank{rank}.log,0
global_max,stage1_A_DEFAULT_S2_m2048k1024n2048_q8w0_rep1,2026-09-03T02:01:00Z,cs-ec021-cfaa2-server,NVIDIA A800-SXM4-80GB,0,0,4,fp32,8192,2048,1024,AllGather-GEMM,8,4194304,NCCL,B1_SLICE_SERIAL,DEFAULT,20,11,PASS,1,0,0,366.11199379,3401.05605125,3404.95991707,370.431989431,3740.28801918,3744.2240715,/root/second_nvidia/ag-gemm-bench/results/stage1_20260903T015055Z/stage1_A_DEFAULT_S2_m2048k1024n2048_q8w0_rep1/rank{rank}.log,0
global_max,stage1_A_DEFAULT_S2_m2048k1024n2048_q8w0_rep1,2026-09-03T02:01:00Z,cs-ec021-cfaa2-server,NVIDIA A800-SXM4-80GB,0,0,4,fp32,8192,2048,1024,AllGather-GEMM,8,4194304,NCCL,B1_SLICE_SERIAL,DEFAULT,20,12,PASS,1,0,0,198.495998979,3226.97591782,3231.23192787,202.848002315,3565.34409523,3569.439888,/root/second_nvidia/ag-gemm-bench/results/stage1_20260903T015055Z/stage1_A_DEFAULT_S2_m2048k1024n2048_q8w0_rep1/rank{rank}.log,0
global_max,stage1_A_DEFAULT_S2_m2048k1024n2048_q8w0_rep1,2026-09-03T02:01:00Z,cs-ec021-cfaa2-server,NVIDIA A800-SXM4-80GB,0,0,4,fp32,8192,2048,1024,AllGather-GEMM,8,4194304,NCCL,B1_SLICE_SERIAL,DEFAULT,20,13,PASS,1,0,0,169.312000275,3269.8559761,3273.82397652,173.631995916,3608.54411125,3612.47992516,/root/second_nvidia/ag-gemm-bench/results/stage1_20260903T015055Z/stage1_A_DEFAULT_S2_m2048k1024n2048_q8w0_rep1/rank{rank}.log,0
global_max,stage1_A_DEFAULT_S2_m2048k1024n2048_q8w0_rep1,2026-09-03T02:01:00Z,cs-ec021-cfaa2-server,NVIDIA A800-SXM4-80GB,0,0,4,fp32,8192,2048,1024,AllGather-GEMM,8,4194304,NCCL,B1_SLICE_SERIAL,DEFAULT,20,14,PASS,1,0,0,504.800021648,3507.23195076,3511.45601273,509.216010571,3845.72792053,3849.63202477,/root/second_nvidia/ag-gemm-bench/results/stage1_20260903T015055Z/stage1_A_DEFAULT_S2_m2048k1024n2048_q8w0_rep1/rank{rank}.log,0
global_max,stage1_A_DEFAULT_S2_m2048k1024n2048_q8w0_rep1,2026-09-03T02:01:00Z,cs-ec021-cfaa2-server,NVIDIA A800-SXM4-80GB,0,0,4,fp32,8192,2048,1024,AllGather-GEMM,8,4194304,NCCL,B1_SLICE_SERIAL,DEFAULT,20,15,PASS,1,0,0,280.288010836,3323.74405861,3327.64792442,284.543991089,3663.03992271,3667.00792313,/root/second_nvidia/ag-gemm-bench/results/stage1_20260903T015055Z/stage1_A_DEFAULT_S2_m2048k1024n2048_q8w0_rep1/rank{rank}.log,0
global_max,stage1_A_DEFAULT_S2_m2048k1024n2048_q8w0_rep1,2026-09-03T02:01:00Z,cs-ec021-cfaa2-server,NVIDIA A800-SXM4-80GB,0,0,4,fp32,8192,2048,1024,AllGather-GEMM,8,4194304,NCCL,B1_SLICE_SERIAL,DEFAULT,20,16,PASS,1,0,0,216.319993138,3269.72794533,3273.66399765,221.024006605,3607.64789581,3611.58394814,/root/second_nvidia/ag-gemm-bench/results/stage1_20260903T015055Z/stage1_A_DEFAULT_S2_m2048k1024n2048_q8w0_rep1/rank{rank}.log,0
global_max,stage1_A_DEFAULT_S2_m2048k1024n2048_q8w0_rep1,2026-09-03T02:01:00Z,cs-ec021-cfaa2-server,NVIDIA A800-SXM4-80GB,0,0,4,fp32,8192,2048,1024,AllGather-GEMM,8,4194304,NCCL,B1_SLICE_SERIAL,DEFAULT,20,17,PASS,1,0,0,283.423990011,3331.64811134,3335.58392525,287.680000067,3671.1359024,3675.07195473,/root/second_nvidia/ag-gemm-bench/results/stage1_20260903T015055Z/stage1_A_DEFAULT_S2_m2048k1024n2048_q8w0_rep1/rank{rank}.log,0
global_max,stage1_A_DEFAULT_S2_m2048k1024n2048_q8w0_rep1,2026-09-03T02:01:01Z,cs-ec021-cfaa2-server,NVIDIA A800-SXM4-80GB,0,0,4,fp32,8192,2048,1024,AllGather-GEMM,8,4194304,NCCL,B1_SLICE_SERIAL,DEFAULT,20,18,PASS,1,0,0,374.143987894,3427.61588097,3431.5199852,378.367990255,3764.64009285,3768.57590675,/root/second_nvidia/ag-gemm-bench/results/stage1_20260903T015055Z/stage1_A_DEFAULT_S2_m2048k1024n2048_q8w0_rep1/rank{rank}.log,0
global_max,stage1_A_DEFAULT_S2_m2048k1024n2048_q8w0_rep1,2026-09-03T02:01:01Z,cs-ec021-cfaa2-server,NVIDIA A800-SXM4-80GB,0,0,4,fp32,8192,2048,1024,AllGather-GEMM,8,4194304,NCCL,B1_SLICE_SERIAL,DEFAULT,20,19,PASS,1,0,0,283.711999655,3318.11189651,3322.04794884,288.031995296,3657.08804131,3660.99190712,/root/second_nvidia/ag-gemm-bench/results/stage1_20260903T015055Z/stage1_A_DEFAULT_S2_m2048k1024n2048_q8w0_rep1/rank{rank}.log,0
global_max,stage1_A_DEFAULT_S2_m2048k1024n2048_q8w0_rep1,2026-09-03T02:01:01Z,cs-ec021-cfaa2-server,NVIDIA A800-SXM4-80GB,0,0,4,fp32,8192,2048,1024,AllGather-GEMM,8,4194304,NCCL,B1_SLICE_SERIAL,DEFAULT,20,20,PASS,1,0,0,356.575995684,3384.09590721,3388.03195953,361.055999994,3721.31204605,3725.28004646,/root/second_nvidia/ag-gemm-bench/results/stage1_20260903T015055Z/stage1_A_DEFAULT_S2_m2048k1024n2048_q8w0_rep1/rank{rank}.log,0
global_max,stage1_A_DEFAULT_S2_m2048k1024n2048_q8w0_rep1,2026-09-03T02:01:01Z,cs-ec021-cfaa2-server,NVIDIA A800-SXM4-80GB,0,0,4,fp32,8192,2048,1024,AllGather-GEMM,8,4194304,NCCL,B1_SLICE_SERIAL,DEFAULT,20,21,PASS,1,0,0,286.464005709,3313.95196915,3317.85607338,290.656000376,3652.31990814,3656.6400528,/root/second_nvidia/ag-gemm-bench/results/stage1_20260903T015055Z/stage1_A_DEFAULT_S2_m2048k1024n2048_q8w0_rep1/rank{rank}.log,0
global_max,stage1_A_DEFAULT_S2_m2048k1024n2048_q8w0_rep1,2026-09-03T02:01:01Z,cs-ec021-cfaa2-server,NVIDIA A800-SXM4-80GB,0,0,4,fp32,8192,2048,1024,AllGather-GEMM,8,4194304,NCCL,B1_SLICE_SERIAL,DEFAULT,20,22,PASS,1,0,0,247.648000717,3299.13592339,3303.04002762,252.128005028,3636.9600296,3640.89608192,/root/second_nvidia/ag-gemm-bench/results/stage1_20260903T015055Z/stage1_A_DEFAULT_S2_m2048k1024n2048_q8w0_rep1/rank{rank}.log,0
global_max,stage1_A_DEFAULT_S2_m2048k1024n2048_q8w0_rep1,2026-09-03T02:01:01Z,cs-ec021-cfaa2-server,NVIDIA A800-SXM4-80GB,0,0,4,fp32,8192,2048,1024,AllGather-GEMM,8,4194304,NCCL,B1_SLICE_SERIAL,DEFAULT,20,23,PASS,1,0,0,246.784001589,3303.04002762,3306.97607994,251.231998205,3641.56794548,3645.5039978,/root/second_nvidia/ag-gemm-bench/results/stage1_20260903T015055Z/stage1_A_DEFAULT_S2_m2048k1024n2048_q8w0_rep1/rank{rank}.log,0
global_max,stage1_A_DEFAULT_S2_m2048k1024n2048_q8w0_rep1,2026-09-03T02:01:01Z,cs-ec021-cfaa2-server,NVIDIA A800-SXM4-80GB,0,0,4,fp32,8192,2048,1024,AllGather-GEMM,8,4194304,NCCL,B1_SLICE_SERIAL,DEFAULT,20,24,PASS,1,0,0,386.527985334,3432.73591995,3436.67197227,390.816003084,3770.62392235,3774.59192276,/root/second_nvidia/ag-gemm-bench/results/stage1_20260903T015055Z/stage1_A_DEFAULT_S2_m2048k1024n2048_q8w0_rep1/rank{rank}.log,0
global_max,stage1_A_DEFAULT_S2_m2048k1024n2048_q8w0_rep1,2026-09-03T02:01:01Z,cs-ec021-cfaa2-server,NVIDIA A800-SXM4-80GB,0,0,4,fp32,8192,2048,1024,AllGather-GEMM,8,4194304,NCCL,B1_SLICE_SERIAL,DEFAULT,20,25,PASS,1,0,0,369.471997023,3414.14403915,3418.08009148,373.760014772,3753.66401672,3757.72809982,/root/second_nvidia/ag-gemm-bench/results/stage1_20260903T015055Z/stage1_A_DEFAULT_S2_m2048k1024n2048_q8w0_rep1/rank{rank}.log,0
global_max,stage1_A_DEFAULT_S2_m2048k1024n2048_q8w0_rep1,2026-09-03T02:01:01Z,cs-ec021-cfaa2-server,NVIDIA A800-SXM4-80GB,0,0,4,fp32,8192,2048,1024,AllGather-GEMM,8,4194304,NCCL,B1_SLICE_SERIAL,DEFAULT,20,26,PASS,1,0,0,299.167990685,3302.81591415,3306.72001839,303.584009409,3640.70391655,3644.63996887,/root/second_nvidia/ag-gemm-bench/results/stage1_20260903T015055Z/stage1_A_DEFAULT_S2_m2048k1024n2048_q8w0_rep1/rank{rank}.log,0
global_max,stage1_A_DEFAULT_S2_m2048k1024n2048_q8w0_rep1,2026-09-03T02:01:01Z,cs-ec021-cfaa2-server,NVIDIA A800-SXM4-80GB,0,0,4,fp32,8192,2048,1024,AllGather-GEMM,8,4194304,NCCL,B1_SLICE_SERIAL,DEFAULT,20,27,PASS,1,0,0,548.640012741,3552.3519516,3556.19192123,552.991986275,3890.65599442,3894.62399483,/root/second_nvidia/ag-gemm-bench/results/stage1_20260903T015055Z/stage1_A_DEFAULT_S2_m2048k1024n2048_q8w0_rep1/rank{rank}.log,0
global_max,stage1_A_DEFAULT_S2_m2048k1024n2048_q8w0_rep1,2026-09-03T02:01:01Z,cs-ec021-cfaa2-server,NVIDIA A800-SXM4-80GB,0,0,4,fp32,8192,2048,1024,AllGather-GEMM,8,4194304,NCCL,B1_SLICE_SERIAL,DEFAULT,20,28,PASS,1,0,0,292.511999607,3325.18410683,3329.18405533,296.864002943,3662.71996498,3666.68796539,/root/second_nvidia/ag-gemm-bench/results/stage1_20260903T015055Z/stage1_A_DEFAULT_S2_m2048k1024n2048_q8w0_rep1/rank{rank}.log,0
global_max,stage1_A_DEFAULT_S2_m2048k1024n2048_q8w0_rep1,2026-09-03T02:01:02Z,cs-ec021-cfaa2-server,NVIDIA A800-SXM4-80GB,0,0,4,fp32,8192,2048,1024,AllGather-GEMM,8,4194304,NCCL,B1_SLICE_SERIAL,DEFAULT,20,29,PASS,1,0,0,394.528001547,3398.43201637,3402.3680687,398.943990469,3738.17610741,3742.11192131,/root/second_nvidia/ag-gemm-bench/results/stage1_20260903T015055Z/stage1_A_DEFAULT_S2_m2048k1024n2048_q8w0_rep1/rank{rank}.log,0
global_max,stage1_A_DEFAULT_S2_m2048k1024n2048_q8w0_rep1,2026-09-03T02:01:02Z,cs-ec021-cfaa2-server,NVIDIA A800-SXM4-80GB,0,0,4,fp32,8192,2048,1024,AllGather-GEMM,8,4194304,NCCL,B1_SLICE_SERIAL,DEFAULT,20,30,PASS,1,0,0,247.296005487,3288.67197037,3292.54388809,251.551985741,3626.04808807,3629.95195389,/root/second_nvidia/ag-gemm-bench/results/stage1_20260903T015055Z/stage1_A_DEFAULT_S2_m2048k1024n2048_q8w0_rep1/rank{rank}.log,0
global_max,stage1_A_DEFAULT_S2_m2048k1024n2048_q8w0_rep1,2026-09-03T02:01:02Z,cs-ec021-cfaa2-server,NVIDIA A800-SXM4-80GB,0,0,4,fp32,8192,2048,1024,AllGather-GEMM,8,4194304,NCCL,B1_SLICE_SERIAL,DEFAULT,20,31,PASS,1,0,0,373.887985945,3395.32804489,3399.23191071,378.367990255,3733.79206657,3737.7281189,/root/second_nvidia/ag-gemm-bench/results/stage1_20260903T015055Z/stage1_A_DEFAULT_S2_m2048k1024n2048_q8w0_rep1/rank{rank}.log,0
global_max,stage1_A_DEFAULT_S2_m2048k1024n2048_q8w0_rep1,2026-09-03T02:01:02Z,cs-ec021-cfaa2-server,NVIDIA A800-SXM4-80GB,0,0,4,fp32,8192,2048,1024,AllGather-GEMM,8,4194304,NCCL,B1_SLICE_SERIAL,DEFAULT,20,32,PASS,1,0,0,440.928012133,3445.85609436,3450.1760006,445.248007774,3783.13589096,3787.07194328,/root/second_nvidia/ag-gemm-bench/results/stage1_20260903T015055Z/stage1_A_DEFAULT_S2_m2048k1024n2048_q8w0_rep1/rank{rank}.log,0
global_max,stage1_A_DEFAULT_S2_m2048k1024n2048_q8w0_rep1,2026-09-03T02:01:02Z,cs-ec021-cfaa2-server,NVIDIA A800-SXM4-80GB,0,0,4,fp32,8192,2048,1024,AllGather-GEMM,8,4194304,NCCL,B1_SLICE_SERIAL,DEFAULT,20,33,PASS,1,0,0,386.335998774,3438.40003014,3442.23999977,390.623986721,3777.18400955,3781.15200996,/root/second_nvidia/ag-gemm-bench/results/stage1_20260903T015055Z/stage1_A_DEFAULT_S2_m2048k1024n2048_q8w0_rep1/rank{rank}.log,0
global_max,stage1_A_DEFAULT_S2_m2048k1024n2048_q8w0_rep1,2026-09-03T02:01:02Z,cs-ec021-cfaa2-server,NVIDIA A800-SXM4-80GB,0,0,4,fp32,8192,2048,1024,AllGather-GEMM,8,4194304,NCCL,B1_SLICE_SERIAL,DEFAULT,20,34,PASS,1,0,0,171.583995223,3184.95988846,3188.89594078,176.063999534,3523.64802361,3527.61602402,/root/second_nvidia/ag-gemm-bench/results/stage1_20260903T015055Z/stage1_A_DEFAULT_S2_m2048k1024n2048_q8w0_rep1/rank{rank}.log,0
global_max,stage1_A_DEFAULT_S2_m2048k1024n2048_q8w0_rep1,2026-09-03T02:01:02Z,cs-ec021-cfaa2-server,NVIDIA A800-SXM4-80GB,0,0,4,fp32,8192,2048,1024,AllGather-GEMM,8,4194304,NCCL,B1_SLICE_SERIAL,DEFAULT,20,35,PASS,1,0,0,219.551995397,3269.72794533,3273.66399765,223.96799922,3607.7439785,3611.68003082,/root/second_nvidia/ag-gemm-bench/results/stage1_20260903T015055Z/stage1_A_DEFAULT_S2_m2048k1024n2048_q8w0_rep1/rank{rank}.log,0
global_max,stage1_A_DEFAULT_S2_m2048k1024n2048_q8w0_rep1,2026-09-03T02:01:02Z,cs-ec021-cfaa2-server,NVIDIA A800-SXM4-80GB,0,0,4,fp32,8192,2048,1024,AllGather-GEMM,8,4194304,NCCL,B1_SLICE_SERIAL,DEFAULT,20,36,PASS,1,0,0,302.911996841,3366.78409576,3370.94402313,307.168006897,3705.47199249,3709.4399929,/root/second_nvidia/ag-gemm-bench/results/stage1_20260903T015055Z/stage1_A_DEFAULT_S2_m2048k1024n2048_q8w0_rep1/rank{rank}.log,0
global_max,stage1_A_DEFAULT_S2_m2048k1024n2048_q8w0_rep1,2026-09-03T02:01:02Z,cs-ec021-cfaa2-server,NVIDIA A800-SXM4-80GB,0,0,4,fp32,8192,2048,1024,AllGather-GEMM,8,4194304,NCCL,B1_SLICE_SERIAL,DEFAULT,20,37,PASS,1,0,0,287.616014481,3308.60805511,3312.63995171,291.904002428,3648.09608459,3652.0318985,/root/second_nvidia/ag-gemm-bench/results/stage1_20260903T015055Z/stage1_A_DEFAULT_S2_m2048k1024n2048_q8w0_rep1/rank{rank}.log,0
global_max,stage1_A_DEFAULT_S2_m2048k1024n2048_q8w0_rep1,2026-09-03T02:01:02Z,cs-ec021-cfaa2-server,NVIDIA A800-SXM4-80GB,0,0,4,fp32,8192,2048,1024,AllGather-GEMM,8,4194304,NCCL,B1_SLICE_SERIAL,DEFAULT,20,38,PASS,1,0,0,293.695986271,3343.71209145,3347.64790535,298.175990582,3680.48000336,3684.47995186,/root/second_nvidia/ag-gemm-bench/results/stage1_20260903T015055Z/stage1_A_DEFAULT_S2_m2048k1024n2048_q8w0_rep1/rank{rank}.log,0
global_max,stage1_A_DEFAULT_S2_m2048k1024n2048_q8w0_rep1,2026-09-03T02:01:03Z,cs-ec021-cfaa2-server,NVIDIA A800-SXM4-80GB,0,0,4,fp32,8192,2048,1024,AllGather-GEMM,8,4194304,NCCL,B1_SLICE_SERIAL,DEFAULT,20,39,PASS,1,0,0,276.639997959,3331.07209206,3335.00790596,281.024008989,3670.20797729,3674.52788353,/root/second_nvidia/ag-gemm-bench/results/stage1_20260903T015055Z/stage1_A_DEFAULT_S2_m2048k1024n2048_q8w0_rep1/rank{rank}.log,0
global_max,stage1_A_DEFAULT_S2_m2048k1024n2048_q8w0_rep1,2026-09-03T02:01:03Z,cs-ec021-cfaa2-server,NVIDIA A800-SXM4-80GB,0,0,4,fp32,8192,2048,1024,AllGather-GEMM,8,4194304,NCCL,B1_SLICE_SERIAL,DEFAULT,20,40,PASS,1,0,0,324.864000082,3367.48790741,3371.42395973,329.055994749,3704.70404625,3708.89592171,/root/second_nvidia/ag-gemm-bench/results/stage1_20260903T015055Z/stage1_A_DEFAULT_S2_m2048k1024n2048_q8w0_rep1/rank{rank}.log,0
global_max,stage1_A_DEFAULT_S2_m2048k1024n2048_q8w0_rep1,2026-09-03T02:01:03Z,cs-ec021-cfaa2-server,NVIDIA A800-SXM4-80GB,0,0,4,fp32,8192,2048,1024,AllGather-GEMM,8,4194304,NCCL,B1_SLICE_SERIAL,DEFAULT,20,41,PASS,1,0,0,290.719985962,3343.61600876,3347.52011299,295.008003712,3683.00795555,3686.94400787,/root/second_nvidia/ag-gemm-bench/results/stage1_20260903T015055Z/stage1_A_DEFAULT_S2_m2048k1024n2048_q8w0_rep1/rank{rank}.log,0
global_max,stage1_A_DEFAULT_S2_m2048k1024n2048_q8w0_rep1,2026-09-03T02:01:03Z,cs-ec021-cfaa2-server,NVIDIA A800-SXM4-80GB,0,0,4,fp32,8192,2048,1024,AllGather-GEMM,8,4194304,NCCL,B1_SLICE_SERIAL,DEFAULT,20,42,PASS,1,0,0,184.607997537,3202.97598839,3206.91204071,188.991993666,3539.90411758,3543.8079834,/root/second_nvidia/ag-gemm-bench/results/stage1_20260903T015055Z/stage1_A_DEFAULT_S2_m2048k1024n2048_q8w0_rep1/rank{rank}.log,0
global_max,stage1_A_DEFAULT_S2_m2048k1024n2048_q8w0_rep1,2026-09-03T02:01:03Z,cs-ec021-cfaa2-server,NVIDIA A800-SXM4-80GB,0,0,4,fp32,8192,2048,1024,AllGather-GEMM,8,4194304,NCCL,B1_SLICE_SERIAL,DEFAULT,20,43,PASS,1,0,0,167.584002018,3193.12000275,3197.05605507,172.159999609,3531.45599365,3535.39204597,/root/second_nvidia/ag-gemm-bench/results/stage1_20260903T015055Z/stage1_A_DEFAULT_S2_m2048k1024n2048_q8w0_rep1/rank{rank}.log,0
global_max,stage1_A_DEFAULT_S2_m2048k1024n2048_q8w0_rep1,2026-09-03T02:01:03Z,cs-ec021-cfaa2-server,NVIDIA A800-SXM4-80GB,0,0,4,fp32,8192,2048,1024,AllGather-GEMM,8,4194304,NCCL,B1_SLICE_SERIAL,DEFAULT,20,44,PASS,1,0,0,596.831977367,3609.88807678,3613.98410797,601.119995117,3947.1681118,3951.1039257,/root/second_nvidia/ag-gemm-bench/results/stage1_20260903T015055Z/stage1_A_DEFAULT_S2_m2048k1024n2048_q8w0_rep1/rank{rank}.log,0
global_max,stage1_A_DEFAULT_S2_m2048k1024n2048_q8w0_rep1,2026-09-03T02:01:03Z,cs-ec021-cfaa2-server,NVIDIA A800-SXM4-80GB,0,0,4,fp32,8192,2048,1024,AllGather-GEMM,8,4194304,NCCL,B1_SLICE_SERIAL,DEFAULT,20,45,PASS,1,0,0,525.120019913,3539.36004639,3543.29609871,529.887974262,3878.24010849,3882.2081089,/root/second_nvidia/ag-gemm-bench/results/stage1_20260903T015055Z/stage1_A_DEFAULT_S2_m2048k1024n2048_q8w0_rep1/rank{rank}.log,0
global_max,stage1_A_DEFAULT_S2_m2048k1024n2048_q8w0_rep1,2026-09-03T02:01:03Z,cs-ec021-cfaa2-server,NVIDIA A800-SXM4-80GB,0,0,4,fp32,8192,2048,1024,AllGather-GEMM,8,4194304,NCCL,B1_SLICE_SERIAL,DEFAULT,20,46,PASS,1,0,0,272.096008062,3300.96006393,3304.89611626,276.47998929,3638.75198364,3642.68803596,/root/second_nvidia/ag-gemm-bench/results/stage1_20260903T015055Z/stage1_A_DEFAULT_S2_m2048k1024n2048_q8w0_rep1/rank{rank}.log,0
global_max,stage1_A_DEFAULT_S2_m2048k1024n2048_q8w0_rep1,2026-09-03T02:01:03Z,cs-ec021-cfaa2-server,NVIDIA A800-SXM4-80GB,0,0,4,fp32,8192,2048,1024,AllGather-GEMM,8,4194304,NCCL,B1_SLICE_SERIAL,DEFAULT,20,47,PASS,1,0,0,190.239995718,3255.03993034,3259.32788849,194.815993309,3593.60003471,3597.53608704,/root/second_nvidia/ag-gemm-bench/results/stage1_20260903T015055Z/stage1_A_DEFAULT_S2_m2048k1024n2048_q8w0_rep1/rank{rank}.log,0
global_max,stage1_A_DEFAULT_S2_m2048k1024n2048_q8w0_rep1,2026-09-03T02:01:04Z,cs-ec021-cfaa2-server,NVIDIA A800-SXM4-80GB,0,0,4,fp32,8192,2048,1024,AllGather-GEMM,8,4194304,NCCL,B1_SLICE_SERIAL,DEFAULT,20,48,PASS,1,0,0,410.335987806,3421.43988609,3425.60005188,414.624005556,3758.23998451,3762.20798492,/root/second_nvidia/ag-gemm-bench/results/stage1_20260903T015055Z/stage1_A_DEFAULT_S2_m2048k1024n2048_q8w0_rep1/rank{rank}.log,0
global_max,stage1_A_DEFAULT_S2_m2048k1024n2048_q8w0_rep1,2026-09-03T02:01:04Z,cs-ec021-cfaa2-server,NVIDIA A800-SXM4-80GB,0,0,4,fp32,8192,2048,1024,AllGather-GEMM,8,4194304,NCCL,B1_SLICE_SERIAL,DEFAULT,20,49,PASS,1,0,0,376.735985279,3429.15201187,3432.99198151,381.056010723,3767.00806618,3770.97606659,/root/second_nvidia/ag-gemm-bench/results/stage1_20260903T015055Z/stage1_A_DEFAULT_S2_m2048k1024n2048_q8w0_rep1/rank{rank}.log,0
global_max,stage1_A_DEFAULT_S2_m2048k1024n2048_q8w0_rep1,2026-09-03T02:01:04Z,cs-ec021-cfaa2-server,NVIDIA A800-SXM4-80GB,0,0,4,fp32,8192,2048,1024,AllGather-GEMM,8,4194304,NCCL,B2_SLICE_EVENT_OVERLAP,DEFAULT,20,0,PASS,1,0,0,156.256005168,2355.9679985,2359.90405083,162.367999554,2978.78408432,2982.71989822,/root/second_nvidia/ag-gemm-bench/results/stage1_20260903T015055Z/stage1_A_DEFAULT_S2_m2048k1024n2048_q8w0_rep1/rank{rank}.log,0
global_max,stage1_A_DEFAULT_S2_m2048k1024n2048_q8w0_rep1,2026-09-03T02:01:04Z,cs-ec021-cfaa2-server,NVIDIA A800-SXM4-80GB,0,0,4,fp32,8192,2048,1024,AllGather-GEMM,8,4194304,NCCL,B2_SLICE_EVENT_OVERLAP,DEFAULT,20,1,PASS,1,0,0,381.375998259,2614.39990997,2618.3359623,387.327998877,3237.63203621,3241.56808853,/root/second_nvidia/ag-gemm-bench/results/stage1_20260903T015055Z/stage1_A_DEFAULT_S2_m2048k1024n2048_q8w0_rep1/rank{rank}.log,0
global_max,stage1_A_DEFAULT_S2_m2048k1024n2048_q8w0_rep1,2026-09-03T02:01:04Z,cs-ec021-cfaa2-server,NVIDIA A800-SXM4-80GB,0,0,4,fp32,8192,2048,1024,AllGather-GEMM,8,4194304,NCCL,B2_SLICE_EVENT_OVERLAP,DEFAULT,20,2,PASS,1,0,0,568.607985973,2782.68790245,2786.59200668,574.400007725,3406.78405762,3410.72010994,/root/second_nvidia/ag-gemm-bench/results/stage1_20260903T015055Z/stage1_A_DEFAULT_S2_m2048k1024n2048_q8w0_rep1/rank{rank}.log,0
global_max,stage1_A_DEFAULT_S2_m2048k1024n2048_q8w0_rep1,2026-09-03T02:01:04Z,cs-ec021-cfaa2-server,NVIDIA A800-SXM4-80GB,0,0,4,fp32,8192,2048,1024,AllGather-GEMM,8,4194304,NCCL,B2_SLICE_EVENT_OVERLAP,DEFAULT,20,3,PASS,1,0,0,411.839991808,2634.81593132,2638.75198364,417.72800684,3260.03193855,3264.19210434,/root/second_nvidia/ag-gemm-bench/results/stage1_20260903T015055Z/stage1_A_DEFAULT_S2_m2048k1024n2048_q8w0_rep1/rank{rank}.log,0
global_max,stage1_A_DEFAULT_S2_m2048k1024n2048_q8w0_rep1,2026-09-03T02:01:04Z,cs-ec021-cfaa2-server,NVIDIA A800-SXM4-80GB,0,0,4,fp32,8192,2048,1024,AllGather-GEMM,8,4194304,NCCL,B2_SLICE_EVENT_OVERLAP,DEFAULT,20,4,PASS,1,0,0,240.703999996,2478.52802277,2482.43188858,246.751993895,3108.2880497,3112.31994629,/root/second_nvidia/ag-gemm-bench/results/stage1_20260903T015055Z/stage1_A_DEFAULT_S2_m2048k1024n2048_q8w0_rep1/rank{rank}.log,0
global_max,stage1_A_DEFAULT_S2_m2048k1024n2048_q8w0_rep1,2026-09-03T02:01:04Z,cs-ec021-cfaa2-server,NVIDIA A800-SXM4-80GB,0,0,4,fp32,8192,2048,1024,AllGather-GEMM,8,4194304,NCCL,B2_SLICE_EVENT_OVERLAP,DEFAULT,20,5,PASS,1,0,0,366.688013077,2608.73603821,2612.63990402,372.96000123,3230.65590858,3234.59196091,/root/second_nvidia/ag-gemm-bench/results/stage1_20260903T015055Z/stage1_A_DEFAULT_S2_m2048k1024n2048_q8w0_rep1/rank{rank}.log,0
global_max,stage1_A_DEFAULT_S2_m2048k1024n2048_q8w0_rep1,2026-09-03T02:01:04Z,cs-ec021-cfaa2-server,NVIDIA A800-SXM4-80GB,0,0,4,fp32,8192,2048,1024,AllGather-GEMM,8,4194304,NCCL,B2_SLICE_EVENT_OVERLAP,DEFAULT,20,6,PASS,1,0,0,292.991995811,2517.76003838,2521.66390419,298.752009869,3140.89608192,3144.83189583,/root/second_nvidia/ag-gemm-bench/results/stage1_20260903T015055Z/stage1_A_DEFAULT_S2_m2048k1024n2048_q8w0_rep1/rank{rank}.log,0
global_max,stage1_A_DEFAULT_S2_m2048k1024n2048_q8w0_rep1,2026-09-03T02:01:04Z,cs-ec021-cfaa2-server,NVIDIA A800-SXM4-80GB,0,0,4,fp32,8192,2048,1024,AllGather-GEMM,8,4194304,NCCL,B2_SLICE_EVENT_OVERLAP,DEFAULT,20,7,PASS,1,0,0,359.551995993,2614.23993111,2618.17598343,365.375995636,3237.40792274,3241.31202698,/root/second_nvidia/ag-gemm-bench/results/stage1_20260903T015055Z/stage1_A_DEFAULT_S2_m2048k1024n2048_q8w0_rep1/rank{rank}.log,0
global_max,stage1_A_DEFAULT_S2_m2048k1024n2048_q8w0_rep1,2026-09-03T02:01:04Z,cs-ec021-cfaa2-server,NVIDIA A800-SXM4-80GB,0,0,4,fp32,8192,2048,1024,AllGather-GEMM,8,4194304,NCCL,B2_SLICE_EVENT_OVERLAP,DEFAULT,20,8,PASS,1,0,0,375.263988972,2603.96790504,2607.87200928,381.184011698,3229.1200161,3233.05606842,/root/second_nvidia/ag-gemm-bench/results/stage1_20260903T015055Z/stage1_A_DEFAULT_S2_m2048k1024n2048_q8w0_rep1/rank{rank}.log,0
global_max,stage1_A_DEFAULT_S2_m2048k1024n2048_q8w0_rep1,2026-09-03T02:01:05Z,cs-ec021-cfaa2-server,NVIDIA A800-SXM4-80GB,0,0,4,fp32,8192,2048,1024,AllGather-GEMM,8,4194304,NCCL,B2_SLICE_EVENT_OVERLAP,DEFAULT,20,9,PASS,1,0,0,404.063999653,2630.43189049,2634.65595245,410.17600894,3255.26404381,3259.26399231,/root/second_nvidia/ag-gemm-bench/results/stage1_20260903T015055Z/stage1_A_DEFAULT_S2_m2048k1024n2048_q8w0_rep1/rank{rank}.log,0
global_max,stage1_A_DEFAULT_S2_m2048k1024n2048_q8w0_rep1,2026-09-03T02:01:05Z,cs-ec021-cfaa2-server,NVIDIA A800-SXM4-80GB,0,0,4,fp32,8192,2048,1024,AllGather-GEMM,8,4194304,NCCL,B2_SLICE_EVENT_OVERLAP,DEFAULT,20,10,PASS,1,0,0,295.839995146,2521.82388306,2525.72798729,302.015990019,3144.5119381,3148.44799042,/root/second_nvidia/ag-gemm-bench/results/stage1_20260903T015055Z/stage1_A_DEFAULT_S2_m2048k1024n2048_q8w0_rep1/rank{rank}.log,0
global_max,stage1_A_DEFAULT_S2_m2048k1024n2048_q8w0_rep1,2026-09-03T02:01:05Z,cs-ec021-cfaa2-server,NVIDIA A800-SXM4-80GB,0,0,4,fp32,8192,2048,1024,AllGather-GEMM,8,4194304,NCCL,B2_SLICE_EVENT_OVERLAP,DEFAULT,20,11,PASS,1,0,0,481.887996197,2690.11211395,2694.04792786,487.744003534,3314.52798843,3318.52793694,/root/second_nvidia/ag-gemm-bench/results/stage1_20260903T015055Z/stage1_A_DEFAULT_S2_m2048k1024n2048_q8w0_rep1/rank{rank}.log,0
global_max,stage1_A_DEFAULT_S2_m2048k1024n2048_q8w0_rep1,2026-09-03T02:01:05Z,cs-ec021-cfaa2-server,NVIDIA A800-SXM4-80GB,0,0,4,fp32,8192,2048,1024,AllGather-GEMM,8,4194304,NCCL,B2_SLICE_EVENT_OVERLAP,DEFAULT,20,12,PASS,1,0,0,290.111988783,2516.16001129,2520.57600021,296.160012484,3141.0241127,3144.99211311,/root/second_nvidia/ag-gemm-bench/results/stage1_20260903T015055Z/stage1_A_DEFAULT_S2_m2048k1024n2048_q8w0_rep1/rank{rank}.log,0
global_max,stage1_A_DEFAULT_S2_m2048k1024n2048_q8w0_rep1,2026-09-03T02:01:05Z,cs-ec021-cfaa2-server,NVIDIA A800-SXM4-80GB,0,0,4,fp32,8192,2048,1024,AllGather-GEMM,8,4194304,NCCL,B2_SLICE_EVENT_OVERLAP,DEFAULT,20,13,PASS,1,0,0,378.367990255,2632.63988495,2636.70396805,384.191989899,3254.52804565,3258.46409798,/root/second_nvidia/ag-gemm-bench/results/stage1_20260903T015055Z/stage1_A_DEFAULT_S2_m2048k1024n2048_q8w0_rep1/rank{rank}.log,0
global_max,stage1_A_DEFAULT_S2_m2048k1024n2048_q8w0_rep1,2026-09-03T02:01:05Z,cs-ec021-cfaa2-server,NVIDIA A800-SXM4-80GB,0,0,4,fp32,8192,2048,1024,AllGather-GEMM,8,4194304,NCCL,B2_SLICE_EVENT_OVERLAP,DEFAULT,20,14,PASS,1,0,0,370.94399333,2589.82396126,2593.76001358,376.863986254,3212.5120163,3216.44806862,/root/second_nvidia/ag-gemm-bench/results/stage1_20260903T015055Z/stage1_A_DEFAULT_S2_m2048k1024n2048_q8w0_rep1/rank{rank}.log,0
global_max,stage1_A_DEFAULT_S2_m2048k1024n2048_q8w0_rep1,2026-09-03T02:01:05Z,cs-ec021-cfaa2-server,NVIDIA A800-SXM4-80GB,0,0,4,fp32,8192,2048,1024,AllGather-GEMM,8,4194304,NCCL,B2_SLICE_EVENT_OVERLAP,DEFAULT,20,15,PASS,1,0,0,388.51198554,2616.89591408,2620.80001831,394.335985184,3240.31996727,3244.25601959,/root/second_nvidia/ag-gemm-bench/results/stage1_20260903T015055Z/stage1_A_DEFAULT_S2_m2048k1024n2048_q8w0_rep1/rank{rank}.log,0
global_max,stage1_A_DEFAULT_S2_m2048k1024n2048_q8w0_rep1,2026-09-03T02:01:05Z,cs-ec021-cfaa2-server,NVIDIA A800-SXM4-80GB,0,0,4,fp32,8192,2048,1024,AllGather-GEMM,8,4194304,NCCL,B2_SLICE_EVENT_OVERLAP,DEFAULT,20,16,PASS,1,0,0,240.735992789,2500.57601929,2504.4798851,246.720001101,3123.26407433,3127.19988823,/root/second_nvidia/ag-gemm-bench/results/stage1_20260903T015055Z/stage1_A_DEFAULT_S2_m2048k1024n2048_q8w0_rep1/rank{rank}.log,0
global_max,stage1_A_DEFAULT_S2_m2048k1024n2048_q8w0_rep1,2026-09-03T02:01:05Z,cs-ec021-cfaa2-server,NVIDIA A800-SXM4-80GB,0,0,4,fp32,8192,2048,1024,AllGather-GEMM,8,4194304,NCCL,B2_SLICE_EVENT_OVERLAP,DEFAULT,20,17,PASS,1,0,0,258.015990257,2488.64006996,2492.57588387,263.711988926,3109.34400558,3113.28005791,/root/second_nvidia/ag-gemm-bench/results/stage1_20260903T015055Z/stage1_A_DEFAULT_S2_m2048k1024n2048_q8w0_rep1/rank{rank}.log,0
global_max,stage1_A_DEFAULT_S2_m2048k1024n2048_q8w0_rep1,2026-09-03T02:01:05Z,cs-ec021-cfaa2-server,NVIDIA A800-SXM4-80GB,0,0,4,fp32,8192,2048,1024,AllGather-GEMM,8,4194304,NCCL,B2_SLICE_EVENT_OVERLAP,DEFAULT,20,18,PASS,1,0,0,282.783985138,2509.0239048,2512.89606094,288.608014584,3132.70401955,3136.64007187,/root/second_nvidia/ag-gemm-bench/results/stage1_20260903T015055Z/stage1_A_DEFAULT_S2_m2048k1024n2048_q8w0_rep1/rank{rank}.log,0
global_max,stage1_A_DEFAULT_S2_m2048k1024n2048_q8w0_rep1,2026-09-03T02:01:06Z,cs-ec021-cfaa2-server,NVIDIA A800-SXM4-80GB,0,0,4,fp32,8192,2048,1024,AllGather-GEMM,8,4194304,NCCL,B2_SLICE_EVENT_OVERLAP,DEFAULT,20,19,PASS,1,0,0,211.32799983,2453.88793945,2457.82399178,217.215999961,3074.62406158,3078.65595818,/root/second_nvidia/ag-gemm-bench/results/stage1_20260903T015055Z/stage1_A_DEFAULT_S2_m2048k1024n2048_q8w0_rep1/rank{rank}.log,0
global_max,stage1_A_DEFAULT_S2_m2048k1024n2048_q8w0_rep1,2026-09-03T02:01:06Z,cs-ec021-cfaa2-server,NVIDIA A800-SXM4-80GB,0,0,4,fp32,8192,2048,1024,AllGather-GEMM,8,4194304,NCCL,B2_SLICE_EVENT_OVERLAP,DEFAULT,20,20,PASS,1,0,0,201.343998313,2445.28007507,2449.24807549,207.231998444,3064.80002403,3068.73607635,/root/second_nvidia/ag-gemm-bench/results/stage1_20260903T015055Z/stage1_A_DEFAULT_S2_m2048k1024n2048_q8w0_rep1/rank{rank}.log,0
global_max,stage1_A_DEFAULT_S2_m2048k1024n2048_q8w0_rep1,2026-09-03T02:01:06Z,cs-ec021-cfaa2-server,NVIDIA A800-SXM4-80GB,0,0,4,fp32,8192,2048,1024,AllGather-GEMM,8,4194304,NCCL,B2_SLICE_EVENT_OVERLAP,DEFAULT,20,21,PASS,1,0,0,378.39999795,2591.00794792,2594.94400024,384.543985128,3215.32797813,3219.26403046,/root/second_nvidia/ag-gemm-bench/results/stage1_20260903T015055Z/stage1_A_DEFAULT_S2_m2048k1024n2048_q8w0_rep1/rank{rank}.log,0
global_max,stage1_A_DEFAULT_S2_m2048k1024n2048_q8w0_rep1,2026-09-03T02:01:06Z,cs-ec021-cfaa2-server,NVIDIA A800-SXM4-80GB,0,0,4,fp32,8192,2048,1024,AllGather-GEMM,8,4194304,NCCL,B2_SLICE_EVENT_OVERLAP,DEFAULT,20,22,PASS,1,0,0,2347.03993797,4528.12814713,4532.09590912,2352.9279232,5151.16786957,5155.1361084,/root/second_nvidia/ag-gemm-bench/results/stage1_20260903T015055Z/stage1_A_DEFAULT_S2_m2048k1024n2048_q8w0_rep1/rank{rank}.log,0
global_max,stage1_A_DEFAULT_S2_m2048k1024n2048_q8w0_rep1,2026-09-03T02:01:06Z,cs-ec021-cfaa2-server,NVIDIA A800-SXM4-80GB,0,0,4,fp32,8192,2048,1024,AllGather-GEMM,8,4194304,NCCL,B2_SLICE_EVENT_OVERLAP,DEFAULT,20,23,PASS,1,0,0,400.224000216,2597.6960659,2601.59993172,406.015992165,3222.75209427,3226.62401199,/root/second_nvidia/ag-gemm-bench/results/stage1_20260903T015055Z/stage1_A_DEFAULT_S2_m2048k1024n2048_q8w0_rep1/rank{rank}.log,0
global_max,stage1_A_DEFAULT_S2_m2048k1024n2048_q8w0_rep1,2026-09-03T02:01:06Z,cs-ec021-cfaa2-server,NVIDIA A800-SXM4-80GB,0,0,4,fp32,8192,2048,1024,AllGather-GEMM,8,4194304,NCCL,B2_SLICE_EVENT_OVERLAP,DEFAULT,20,24,PASS,1,0,0,370.047986507,2616.96004868,2620.896101,375.871986151,3241.28007889,3245.21589279,/root/second_nvidia/ag-gemm-bench/results/stage1_20260903T015055Z/stage1_A_DEFAULT_S2_m2048k1024n2048_q8w0_rep1/rank{rank}.log,0
global_max,stage1_A_DEFAULT_S2_m2048k1024n2048_q8w0_rep1,2026-09-03T02:01:06Z,cs-ec021-cfaa2-server,NVIDIA A800-SXM4-80GB,0,0,4,fp32,8192,2048,1024,AllGather-GEMM,8,4194304,NCCL,B2_SLICE_EVENT_OVERLAP,DEFAULT,20,25,PASS,1,0,0,379.456013441,2598.01602364,2601.91988945,385.311990976,3223.58393669,3227.5519371,/root/second_nvidia/ag-gemm-bench/results/stage1_20260903T015055Z/stage1_A_DEFAULT_S2_m2048k1024n2048_q8w0_rep1/rank{rank}.log,0
global_max,stage1_A_DEFAULT_S2_m2048k1024n2048_q8w0_rep1,2026-09-03T02:01:06Z,cs-ec021-cfaa2-server,NVIDIA A800-SXM4-80GB,0,0,4,fp32,8192,2048,1024,AllGather-GEMM,8,4194304,NCCL,B2_SLICE_EVENT_OVERLAP,DEFAULT,20,26,PASS,1,0,0,293.760001659,2520.15995979,2524.06406403,299.616008997,3141.82400703,3145.69592476,/root/second_nvidia/ag-gemm-bench/results/stage1_20260903T015055Z/stage1_A_DEFAULT_S2_m2048k1024n2048_q8w0_rep1/rank{rank}.log,0
global_max,stage1_A_DEFAULT_S2_m2048k1024n2048_q8w0_rep1,2026-09-03T02:01:06Z,cs-ec021-cfaa2-server,NVIDIA A800-SXM4-80GB,0,0,4,fp32,8192,2048,1024,AllGather-GEMM,8,4194304,NCCL,B2_SLICE_EVENT_OVERLAP,DEFAULT,20,27,PASS,1,0,0,175.359994173,2407.96804428,2411.9040966,181.152001023,3032.79995918,3036.70406342,/root/second_nvidia/ag-gemm-bench/results/stage1_20260903T015055Z/stage1_A_DEFAULT_S2_m2048k1024n2048_q8w0_rep1/rank{rank}.log,0
global_max,stage1_A_DEFAULT_S2_m2048k1024n2048_q8w0_rep1,2026-09-03T02:01:06Z,cs-ec021-cfaa2-server,NVIDIA A800-SXM4-80GB,0,0,4,fp32,8192,2048,1024,AllGather-GEMM,8,4194304,NCCL,B2_SLICE_EVENT_OVERLAP,DEFAULT,20,28,PASS,1,0,0,376.928001642,2582.17597008,2586.0478878,382.719993591,3223.26397896,3227.20003128,/root/second_nvidia/ag-gemm-bench/results/stage1_20260903T015055Z/stage1_A_DEFAULT_S2_m2048k1024n2048_q8w0_rep1/rank{rank}.log,0
global_max,stage1_A_DEFAULT_S2_m2048k1024n2048_q8w0_rep1,2026-09-03T02:01:07Z,cs-ec021-cfaa2-server,NVIDIA A800-SXM4-80GB,0,0,4,fp32,8192,2048,1024,AllGather-GEMM,8,4194304,NCCL,B2_SLICE_EVENT_OVERLAP,DEFAULT,20,29,PASS,1,0,0,290.432006121,2515.45596123,2519.6158886,296.256005764,3139.61601257,3143.52011681,/root/second_nvidia/ag-gemm-bench/results/stage1_20260903T015055Z/stage1_A_DEFAULT_S2_m2048k1024n2048_q8w0_rep1/rank{rank}.log,0
global_max,stage1_A_DEFAULT_S2_m2048k1024n2048_q8w0_rep1,2026-09-03T02:01:07Z,cs-ec021-cfaa2-server,NVIDIA A800-SXM4-80GB,0,0,4,fp32,8192,2048,1024,AllGather-GEMM,8,4194304,NCCL,B2_SLICE_EVENT_OVERLAP,DEFAULT,20,30,PASS,1,0,0,316.383987665,2530.62391281,2534.55996513,322.144001722,3160.67194939,3164.60800171,/root/second_nvidia/ag-gemm-bench/results/stage1_20260903T015055Z/stage1_A_DEFAULT_S2_m2048k1024n2048_q8w0_rep1/rank{rank}.log,0
global_max,stage1_A_DEFAULT_S2_m2048k1024n2048_q8w0_rep1,2026-09-03T02:01:07Z,cs-ec021-cfaa2-server,NVIDIA A800-SXM4-80GB,0,0,4,fp32,8192,2048,1024,AllGather-GEMM,8,4194304,NCCL,B2_SLICE_EVENT_OVERLAP,DEFAULT,20,31,PASS,1,0,0,383.23199749,2606.36806488,2610.27193069,389.120012522,3232.5758934,3236.51194572,/root/second_nvidia/ag-gemm-bench/results/stage1_20260903T015055Z/stage1_A_DEFAULT_S2_m2048k1024n2048_q8w0_rep1/rank{rank}.log,0
global_max,stage1_A_DEFAULT_S2_m2048k1024n2048_q8w0_rep1,2026-09-03T02:01:07Z,cs-ec021-cfaa2-server,NVIDIA A800-SXM4-80GB,0,0,4,fp32,8192,2048,1024,AllGather-GEMM,8,4194304,NCCL,B2_SLICE_EVENT_OVERLAP,DEFAULT,20,32,PASS,1,0,0,205.152004957,2468.99199486,2472.89609909,210.943996906,3086.56001091,3090.49606323,/root/second_nvidia/ag-gemm-bench/results/stage1_20260903T015055Z/stage1_A_DEFAULT_S2_m2048k1024n2048_q8w0_rep1/rank{rank}.log,0
global_max,stage1_A_DEFAULT_S2_m2048k1024n2048_q8w0_rep1,2026-09-03T02:01:07Z,cs-ec021-cfaa2-server,NVIDIA A800-SXM4-80GB,0,0,4,fp32,8192,2048,1024,AllGather-GEMM,8,4194304,NCCL,B2_SLICE_EVENT_OVERLAP,DEFAULT,20,33,PASS,1,0,0,371.327996254,2613.88802528,2617.82407761,377.184003592,3250.2720356,3254.20808792,/root/second_nvidia/ag-gemm-bench/results/stage1_20260903T015055Z/stage1_A_DEFAULT_S2_m2048k1024n2048_q8w0_rep1/rank{rank}.log,0
global_max,stage1_A_DEFAULT_S2_m2048k1024n2048_q8w0_rep1,2026-09-03T02:01:07Z,cs-ec021-cfaa2-server,NVIDIA A800-SXM4-80GB,0,0,4,fp32,8192,2048,1024,AllGather-GEMM,8,4194304,NCCL,B2_SLICE_EVENT_OVERLAP,DEFAULT,20,34,PASS,1,0,0,366.751998663,2601.66406631,2605.53598404,372.543990612,3226.62401199,3230.56006432,/root/second_nvidia/ag-gemm-bench/results/stage1_20260903T015055Z/stage1_A_DEFAULT_S2_m2048k1024n2048_q8w0_rep1/rank{rank}.log,0
global_max,stage1_A_DEFAULT_S2_m2048k1024n2048_q8w0_rep1,2026-09-03T02:01:07Z,cs-ec021-cfaa2-server,NVIDIA A800-SXM4-80GB,0,0,4,fp32,8192,2048,1024,AllGather-GEMM,8,4194304,NCCL,B2_SLICE_EVENT_OVERLAP,DEFAULT,20,35,PASS,1,0,0,466.048002243,2676.19204521,2680.12809753,471.904009581,3300.38404465,3304.32009697,/root/second_nvidia/ag-gemm-bench/results/stage1_20260903T015055Z/stage1_A_DEFAULT_S2_m2048k1024n2048_q8w0_rep1/rank{rank}.log,0
global_max,stage1_A_DEFAULT_S2_m2048k1024n2048_q8w0_rep1,2026-09-03T02:01:07Z,cs-ec021-cfaa2-server,NVIDIA A800-SXM4-80GB,0,0,4,fp32,8192,2048,1024,AllGather-GEMM,8,4194304,NCCL,B2_SLICE_EVENT_OVERLAP,DEFAULT,20,36,PASS,1,0,0,270.75201273,2520.92790604,2525.59995651,276.672005653,3139.9679184,3143.90397072,/root/second_nvidia/ag-gemm-bench/results/stage1_20260903T015055Z/stage1_A_DEFAULT_S2_m2048k1024n2048_q8w0_rep1/rank{rank}.log,0
global_max,stage1_A_DEFAULT_S2_m2048k1024n2048_q8w0_rep1,2026-09-03T02:01:07Z,cs-ec021-cfaa2-server,NVIDIA A800-SXM4-80GB,0,0,4,fp32,8192,2048,1024,AllGather-GEMM,8,4194304,NCCL,B2_SLICE_EVENT_OVERLAP,DEFAULT,20,37,PASS,1,0,0,259.999990463,2482.17606544,2486.11211777,265.951991081,3105.727911,3109.66396332,/root/second_nvidia/ag-gemm-bench/results/stage1_20260903T015055Z/stage1_A_DEFAULT_S2_m2048k1024n2048_q8w0_rep1/rank{rank}.log,0
global_max,stage1_A_DEFAULT_S2_m2048k1024n2048_q8w0_rep1,2026-09-03T02:01:07Z,cs-ec021-cfaa2-server,NVIDIA A800-SXM4-80GB,0,0,4,fp32,8192,2048,1024,AllGather-GEMM,8,4194304,NCCL,B2_SLICE_EVENT_OVERLAP,DEFAULT,20,38,PASS,1,0,0,401.183992624,2627.45594978,2631.39200211,407.072007656,3250.11205673,3254.04810905,/root/second_nvidia/ag-gemm-bench/results/stage1_20260903T015055Z/stage1_A_DEFAULT_S2_m2048k1024n2048_q8w0_rep1/rank{rank}.log,0
global_max,stage1_A_DEFAULT_S2_m2048k1024n2048_q8w0_rep1,2026-09-03T02:01:07Z,cs-ec021-cfaa2-server,NVIDIA A800-SXM4-80GB,0,0,4,fp32,8192,2048,1024,AllGather-GEMM,8,4194304,NCCL,B2_SLICE_EVENT_OVERLAP,DEFAULT,20,39,PASS,1,0,0,403.840005398,2639.87207413,2643.87202263,409.631997347,3263.39197159,3267.32802391,/root/second_nvidia/ag-gemm-bench/results/stage1_20260903T015055Z/stage1_A_DEFAULT_S2_m2048k1024n2048_q8w0_rep1/rank{rank}.log,0
global_max,stage1_A_DEFAULT_S2_m2048k1024n2048_q8w0_rep1,2026-09-03T02:01:08Z,cs-ec021-cfaa2-server,NVIDIA A800-SXM4-80GB,0,0,4,fp32,8192,2048,1024,AllGather-GEMM,8,4194304,NCCL,B2_SLICE_EVENT_OVERLAP,DEFAULT,20,40,PASS,1,0,0,283.199995756,2524.6720314,2528.6719799,289.056003094,3147.71199226,3151.71194077,/root/second_nvidia/ag-gemm-bench/results/stage1_20260903T015055Z/stage1_A_DEFAULT_S2_m2048k1024n2048_q8w0_rep1/rank{rank}.log,0
global_max,stage1_A_DEFAULT_S2_m2048k1024n2048_q8w0_rep1,2026-09-03T02:01:08Z,cs-ec021-cfaa2-server,NVIDIA A800-SXM4-80GB,0,0,4,fp32,8192,2048,1024,AllGather-GEMM,8,4194304,NCCL,B2_SLICE_EVENT_OVERLAP,DEFAULT,20,41,PASS,1,0,0,699.199974537,2907.58395195,2911.52000427,705.056011677,3531.00800514,3534.94405746,/root/second_nvidia/ag-gemm-bench/results/stage1_20260903T015055Z/stage1_A_DEFAULT_S2_m2048k1024n2048_q8w0_rep1/rank{rank}.log,0
global_max,stage1_A_DEFAULT_S2_m2048k1024n2048_q8w0_rep1,2026-09-03T02:01:08Z,cs-ec021-cfaa2-server,NVIDIA A800-SXM4-80GB,0,0,4,fp32,8192,2048,1024,AllGather-GEMM,8,4194304,NCCL,B2_SLICE_EVENT_OVERLAP,DEFAULT,20,42,PASS,1,0,0,172.319993377,2375.6480217,2379.55188751,178.04799974,3012.1281147,3016.0639286,/root/second_nvidia/ag-gemm-bench/results/stage1_20260903T015055Z/stage1_A_DEFAULT_S2_m2048k1024n2048_q8w0_rep1/rank{rank}.log,0
global_max,stage1_A_DEFAULT_S2_m2048k1024n2048_q8w0_rep1,2026-09-03T02:01:08Z,cs-ec021-cfaa2-server,NVIDIA A800-SXM4-80GB,0,0,4,fp32,8192,2048,1024,AllGather-GEMM,8,4194304,NCCL,B2_SLICE_EVENT_OVERLAP,DEFAULT,20,43,PASS,1,0,0,461.216002703,2671.6799736,2675.61602592,467.42400527,3294.20804977,3298.17605019,/root/second_nvidia/ag-gemm-bench/results/stage1_20260903T015055Z/stage1_A_DEFAULT_S2_m2048k1024n2048_q8w0_rep1/rank{rank}.log,0
global_max,stage1_A_DEFAULT_S2_m2048k1024n2048_q8w0_rep1,2026-09-03T02:01:08Z,cs-ec021-cfaa2-server,NVIDIA A800-SXM4-80GB,0,0,4,fp32,8192,2048,1024,AllGather-GEMM,8,4194304,NCCL,B2_SLICE_EVENT_OVERLAP,DEFAULT,20,44,PASS,1,0,0,439.520001411,2658.20789337,2662.1119976,445.504009724,3280.67207336,3284.60788727,/root/second_nvidia/ag-gemm-bench/results/stage1_20260903T015055Z/stage1_A_DEFAULT_S2_m2048k1024n2048_q8w0_rep1/rank{rank}.log,0
global_max,stage1_A_DEFAULT_S2_m2048k1024n2048_q8w0_rep1,2026-09-03T02:01:08Z,cs-ec021-cfaa2-server,NVIDIA A800-SXM4-80GB,0,0,4,fp32,8192,2048,1024,AllGather-GEMM,8,4194304,NCCL,B2_SLICE_EVENT_OVERLAP,DEFAULT,20,45,PASS,1,0,0,960.255980492,3174.40009117,3178.33590508,966.463983059,3798.6240387,3802.56009102,/root/second_nvidia/ag-gemm-bench/results/stage1_20260903T015055Z/stage1_A_DEFAULT_S2_m2048k1024n2048_q8w0_rep1/rank{rank}.log,0
global_max,stage1_A_DEFAULT_S2_m2048k1024n2048_q8w0_rep1,2026-09-03T02:01:08Z,cs-ec021-cfaa2-server,NVIDIA A800-SXM4-80GB,0,0,4,fp32,8192,2048,1024,AllGather-GEMM,8,4194304,NCCL,B2_SLICE_EVENT_OVERLAP,DEFAULT,20,46,PASS,1,0,0,377.568006516,2628.70407104,2632.63988495,383.455991745,3247.93601036,3251.87206268,/root/second_nvidia/ag-gemm-bench/results/stage1_20260903T015055Z/stage1_A_DEFAULT_S2_m2048k1024n2048_q8w0_rep1/rank{rank}.log,0
global_max,stage1_A_DEFAULT_S2_m2048k1024n2048_q8w0_rep1,2026-09-03T02:01:08Z,cs-ec021-cfaa2-server,NVIDIA A800-SXM4-80GB,0,0,4,fp32,8192,2048,1024,AllGather-GEMM,8,4194304,NCCL,B2_SLICE_EVENT_OVERLAP,DEFAULT,20,47,PASS,1,0,0,384.864002466,2578.43208313,2582.33594894,390.655994415,3201.40790939,3205.24811745,/root/second_nvidia/ag-gemm-bench/results/stage1_20260903T015055Z/stage1_A_DEFAULT_S2_m2048k1024n2048_q8w0_rep1/rank{rank}.log,0
global_max,stage1_A_DEFAULT_S2_m2048k1024n2048_q8w0_rep1,2026-09-03T02:01:08Z,cs-ec021-cfaa2-server,NVIDIA A800-SXM4-80GB,0,0,4,fp32,8192,2048,1024,AllGather-GEMM,8,4194304,NCCL,B2_SLICE_EVENT_OVERLAP,DEFAULT,20,48,PASS,1,0,0,240.735992789,2471.51994705,2475.45599937,246.52799964,3098.62399101,3102.52809525,/root/second_nvidia/ag-gemm-bench/results/stage1_20260903T015055Z/stage1_A_DEFAULT_S2_m2048k1024n2048_q8w0_rep1/rank{rank}.log,0
global_max,stage1_A_DEFAULT_S2_m2048k1024n2048_q8w0_rep1,2026-09-03T02:01:09Z,cs-ec021-cfaa2-server,NVIDIA A800-SXM4-80GB,0,0,4,fp32,8192,2048,1024,AllGather-GEMM,8,4194304,NCCL,B2_SLICE_EVENT_OVERLAP,DEFAULT,20,49,PASS,1,0,0,249.503999949,2470.88003159,2475.51989555,255.327999592,3093.76001358,3097.66411781,/root/second_nvidia/ag-gemm-bench/results/stage1_20260903T015055Z/stage1_A_DEFAULT_S2_m2048k1024n2048_q8w0_rep1/rank{rank}.log,0
