run_id,rank,rank_count,device,gfx_arch,path,family,candidate,M,N,K,q,slice_index,slice_bytes,iteration_index,t_issue_us,t_release_us,t_gemm_start_us,t_gemm_end_us,t_gemm_duration_us,correctness,status
PHASEB_formal_r0_C0_DEFAULT_N2048_q2_rep3,3,4,3,sm_89,R0_FULL_SERIAL,NCCL,C0_DEFAULT,2048,2048,2048,2,0,8388608,0,0,461.184,469.760,4113.536,3643.776,PASS,0
PHASEB_formal_r0_C0_DEFAULT_N2048_q2_rep3,3,4,3,sm_89,R0_FULL_SERIAL,NCCL,C0_DEFAULT,2048,2048,2048,2,1,8388608,0,0,0.000,0.000,0.000,0.000,PASS,0
PHASEB_formal_r0_C0_DEFAULT_N2048_q2_rep3,3,4,3,sm_89,R0_FULL_SERIAL,NCCL,C0_DEFAULT,2048,2048,2048,2,0,8388608,1,0,456.736,465.216,4109.280,3644.064,PASS,0
PHASEB_formal_r0_C0_DEFAULT_N2048_q2_rep3,3,4,3,sm_89,R0_FULL_SERIAL,NCCL,C0_DEFAULT,2048,2048,2048,2,1,8388608,1,0,0.000,0.000,0.000,0.000,PASS,0
PHASEB_formal_r0_C0_DEFAULT_N2048_q2_rep3,3,4,3,sm_89,R0_FULL_SERIAL,NCCL,C0_DEFAULT,2048,2048,2048,2,0,8388608,2,0,458.528,467.008,4112.704,3645.696,PASS,0
PHASEB_formal_r0_C0_DEFAULT_N2048_q2_rep3,3,4,3,sm_89,R0_FULL_SERIAL,NCCL,C0_DEFAULT,2048,2048,2048,2,1,8388608,2,0,0.000,0.000,0.000,0.000,PASS,0
PHASEB_formal_r0_C0_DEFAULT_N2048_q2_rep3,3,4,3,sm_89,R0_FULL_SERIAL,NCCL,C0_DEFAULT,2048,2048,2048,2,0,8388608,3,0,459.488,467.936,4117.632,3649.696,PASS,0
PHASEB_formal_r0_C0_DEFAULT_N2048_q2_rep3,3,4,3,sm_89,R0_FULL_SERIAL,NCCL,C0_DEFAULT,2048,2048,2048,2,1,8388608,3,0,0.000,0.000,0.000,0.000,PASS,0
PHASEB_formal_r0_C0_DEFAULT_N2048_q2_rep3,3,4,3,sm_89,R0_FULL_SERIAL,NCCL,C0_DEFAULT,2048,2048,2048,2,0,8388608,4,0,461.696,470.272,4115.264,3644.992,PASS,0
PHASEB_formal_r0_C0_DEFAULT_N2048_q2_rep3,3,4,3,sm_89,R0_FULL_SERIAL,NCCL,C0_DEFAULT,2048,2048,2048,2,1,8388608,4,0,0.000,0.000,0.000,0.000,PASS,0
PHASEB_formal_r0_C0_DEFAULT_N2048_q2_rep3,3,4,3,sm_89,R0_FULL_SERIAL,NCCL,C0_DEFAULT,2048,2048,2048,2,0,8388608,5,0,449.024,457.536,4100.960,3643.424,PASS,0
PHASEB_formal_r0_C0_DEFAULT_N2048_q2_rep3,3,4,3,sm_89,R0_FULL_SERIAL,NCCL,C0_DEFAULT,2048,2048,2048,2,1,8388608,5,0,0.000,0.000,0.000,0.000,PASS,0
PHASEB_formal_r0_C0_DEFAULT_N2048_q2_rep3,3,4,3,sm_89,R0_FULL_SERIAL,NCCL,C0_DEFAULT,2048,2048,2048,2,0,8388608,6,0,449.696,458.208,4101.312,3643.104,PASS,0
PHASEB_formal_r0_C0_DEFAULT_N2048_q2_rep3,3,4,3,sm_89,R0_FULL_SERIAL,NCCL,C0_DEFAULT,2048,2048,2048,2,1,8388608,6,0,0.000,0.000,0.000,0.000,PASS,0
PHASEB_formal_r0_C0_DEFAULT_N2048_q2_rep3,3,4,3,sm_89,R0_FULL_SERIAL,NCCL,C0_DEFAULT,2048,2048,2048,2,0,8388608,7,0,449.088,457.504,4101.632,3644.128,PASS,0
PHASEB_formal_r0_C0_DEFAULT_N2048_q2_rep3,3,4,3,sm_89,R0_FULL_SERIAL,NCCL,C0_DEFAULT,2048,2048,2048,2,1,8388608,7,0,0.000,0.000,0.000,0.000,PASS,0
PHASEB_formal_r0_C0_DEFAULT_N2048_q2_rep3,3,4,3,sm_89,R0_FULL_SERIAL,NCCL,C0_DEFAULT,2048,2048,2048,2,0,8388608,8,0,462.816,471.584,4114.144,3642.560,PASS,0
PHASEB_formal_r0_C0_DEFAULT_N2048_q2_rep3,3,4,3,sm_89,R0_FULL_SERIAL,NCCL,C0_DEFAULT,2048,2048,2048,2,1,8388608,8,0,0.000,0.000,0.000,0.000,PASS,0
PHASEB_formal_r0_C0_DEFAULT_N2048_q2_rep3,3,4,3,sm_89,R0_FULL_SERIAL,NCCL,C0_DEFAULT,2048,2048,2048,2,0,8388608,9,0,458.368,466.816,4113.472,3646.656,PASS,0
PHASEB_formal_r0_C0_DEFAULT_N2048_q2_rep3,3,4,3,sm_89,R0_FULL_SERIAL,NCCL,C0_DEFAULT,2048,2048,2048,2,1,8388608,9,0,0.000,0.000,0.000,0.000,PASS,0
PHASEB_formal_r0_C0_DEFAULT_N2048_q2_rep3,3,4,3,sm_89,R0_FULL_SERIAL,NCCL,C0_DEFAULT,2048,2048,2048,2,0,8388608,10,0,449.440,457.856,4103.488,3645.632,PASS,0
PHASEB_formal_r0_C0_DEFAULT_N2048_q2_rep3,3,4,3,sm_89,R0_FULL_SERIAL,NCCL,C0_DEFAULT,2048,2048,2048,2,1,8388608,10,0,0.000,0.000,0.000,0.000,PASS,0
PHASEB_formal_r0_C0_DEFAULT_N2048_q2_rep3,3,4,3,sm_89,R0_FULL_SERIAL,NCCL,C0_DEFAULT,2048,2048,2048,2,0,8388608,11,0,457.664,466.144,4110.528,3644.384,PASS,0
PHASEB_formal_r0_C0_DEFAULT_N2048_q2_rep3,3,4,3,sm_89,R0_FULL_SERIAL,NCCL,C0_DEFAULT,2048,2048,2048,2,1,8388608,11,0,0.000,0.000,0.000,0.000,PASS,0
PHASEB_formal_r0_C0_DEFAULT_N2048_q2_rep3,3,4,3,sm_89,R0_FULL_SERIAL,NCCL,C0_DEFAULT,2048,2048,2048,2,0,8388608,12,0,452.544,461.024,4108.224,3647.200,PASS,0
PHASEB_formal_r0_C0_DEFAULT_N2048_q2_rep3,3,4,3,sm_89,R0_FULL_SERIAL,NCCL,C0_DEFAULT,2048,2048,2048,2,1,8388608,12,0,0.000,0.000,0.000,0.000,PASS,0
PHASEB_formal_r0_C0_DEFAULT_N2048_q2_rep3,3,4,3,sm_89,R0_FULL_SERIAL,NCCL,C0_DEFAULT,2048,2048,2048,2,0,8388608,13,0,459.904,468.384,4112.032,3643.648,PASS,0
PHASEB_formal_r0_C0_DEFAULT_N2048_q2_rep3,3,4,3,sm_89,R0_FULL_SERIAL,NCCL,C0_DEFAULT,2048,2048,2048,2,1,8388608,13,0,0.000,0.000,0.000,0.000,PASS,0
PHASEB_formal_r0_C0_DEFAULT_N2048_q2_rep3,3,4,3,sm_89,R0_FULL_SERIAL,NCCL,C0_DEFAULT,2048,2048,2048,2,0,8388608,14,0,462.784,471.296,4115.040,3643.744,PASS,0
PHASEB_formal_r0_C0_DEFAULT_N2048_q2_rep3,3,4,3,sm_89,R0_FULL_SERIAL,NCCL,C0_DEFAULT,2048,2048,2048,2,1,8388608,14,0,0.000,0.000,0.000,0.000,PASS,0
PHASEB_formal_r0_C0_DEFAULT_N2048_q2_rep3,3,4,3,sm_89,R0_FULL_SERIAL,NCCL,C0_DEFAULT,2048,2048,2048,2,0,8388608,15,0,464.128,472.544,4119.872,3647.328,PASS,0
PHASEB_formal_r0_C0_DEFAULT_N2048_q2_rep3,3,4,3,sm_89,R0_FULL_SERIAL,NCCL,C0_DEFAULT,2048,2048,2048,2,1,8388608,15,0,0.000,0.000,0.000,0.000,PASS,0
PHASEB_formal_r0_C0_DEFAULT_N2048_q2_rep3,3,4,3,sm_89,R0_FULL_SERIAL,NCCL,C0_DEFAULT,2048,2048,2048,2,0,8388608,16,0,454.720,463.360,4106.208,3642.848,PASS,0
PHASEB_formal_r0_C0_DEFAULT_N2048_q2_rep3,3,4,3,sm_89,R0_FULL_SERIAL,NCCL,C0_DEFAULT,2048,2048,2048,2,1,8388608,16,0,0.000,0.000,0.000,0.000,PASS,0
PHASEB_formal_r0_C0_DEFAULT_N2048_q2_rep3,3,4,3,sm_89,R0_FULL_SERIAL,NCCL,C0_DEFAULT,2048,2048,2048,2,0,8388608,17,0,453.504,462.240,4105.696,3643.456,PASS,0
PHASEB_formal_r0_C0_DEFAULT_N2048_q2_rep3,3,4,3,sm_89,R0_FULL_SERIAL,NCCL,C0_DEFAULT,2048,2048,2048,2,1,8388608,17,0,0.000,0.000,0.000,0.000,PASS,0
PHASEB_formal_r0_C0_DEFAULT_N2048_q2_rep3,3,4,3,sm_89,R0_FULL_SERIAL,NCCL,C0_DEFAULT,2048,2048,2048,2,0,8388608,18,0,461.120,469.632,4111.488,3641.856,PASS,0
PHASEB_formal_r0_C0_DEFAULT_N2048_q2_rep3,3,4,3,sm_89,R0_FULL_SERIAL,NCCL,C0_DEFAULT,2048,2048,2048,2,1,8388608,18,0,0.000,0.000,0.000,0.000,PASS,0
PHASEB_formal_r0_C0_DEFAULT_N2048_q2_rep3,3,4,3,sm_89,R0_FULL_SERIAL,NCCL,C0_DEFAULT,2048,2048,2048,2,0,8388608,19,0,461.632,470.112,4114.368,3644.256,PASS,0
PHASEB_formal_r0_C0_DEFAULT_N2048_q2_rep3,3,4,3,sm_89,R0_FULL_SERIAL,NCCL,C0_DEFAULT,2048,2048,2048,2,1,8388608,19,0,0.000,0.000,0.000,0.000,PASS,0
PHASEB_formal_r0_C0_DEFAULT_N2048_q2_rep3,3,4,3,sm_89,R0_FULL_SERIAL,NCCL,C0_DEFAULT,2048,2048,2048,2,0,8388608,20,0,449.824,458.528,4101.536,3643.008,PASS,0
PHASEB_formal_r0_C0_DEFAULT_N2048_q2_rep3,3,4,3,sm_89,R0_FULL_SERIAL,NCCL,C0_DEFAULT,2048,2048,2048,2,1,8388608,20,0,0.000,0.000,0.000,0.000,PASS,0
PHASEB_formal_r0_C0_DEFAULT_N2048_q2_rep3,3,4,3,sm_89,R0_FULL_SERIAL,NCCL,C0_DEFAULT,2048,2048,2048,2,0,8388608,21,0,449.760,458.208,4101.216,3643.008,PASS,0
PHASEB_formal_r0_C0_DEFAULT_N2048_q2_rep3,3,4,3,sm_89,R0_FULL_SERIAL,NCCL,C0_DEFAULT,2048,2048,2048,2,1,8388608,21,0,0.000,0.000,0.000,0.000,PASS,0
PHASEB_formal_r0_C0_DEFAULT_N2048_q2_rep3,3,4,3,sm_89,R0_FULL_SERIAL,NCCL,C0_DEFAULT,2048,2048,2048,2,0,8388608,22,0,448.288,457.216,4101.696,3644.480,PASS,0
PHASEB_formal_r0_C0_DEFAULT_N2048_q2_rep3,3,4,3,sm_89,R0_FULL_SERIAL,NCCL,C0_DEFAULT,2048,2048,2048,2,1,8388608,22,0,0.000,0.000,0.000,0.000,PASS,0
PHASEB_formal_r0_C0_DEFAULT_N2048_q2_rep3,3,4,3,sm_89,R0_FULL_SERIAL,NCCL,C0_DEFAULT,2048,2048,2048,2,0,8388608,23,0,453.376,461.760,4106.688,3644.928,PASS,0
PHASEB_formal_r0_C0_DEFAULT_N2048_q2_rep3,3,4,3,sm_89,R0_FULL_SERIAL,NCCL,C0_DEFAULT,2048,2048,2048,2,1,8388608,23,0,0.000,0.000,0.000,0.000,PASS,0
PHASEB_formal_r0_C0_DEFAULT_N2048_q2_rep3,3,4,3,sm_89,R0_FULL_SERIAL,NCCL,C0_DEFAULT,2048,2048,2048,2,0,8388608,24,0,447.872,456.416,4099.936,3643.520,PASS,0
PHASEB_formal_r0_C0_DEFAULT_N2048_q2_rep3,3,4,3,sm_89,R0_FULL_SERIAL,NCCL,C0_DEFAULT,2048,2048,2048,2,1,8388608,24,0,0.000,0.000,0.000,0.000,PASS,0
PHASEB_formal_r0_C0_DEFAULT_N2048_q2_rep3,3,4,3,sm_89,R0_FULL_SERIAL,NCCL,C0_DEFAULT,2048,2048,2048,2,0,8388608,25,0,463.264,471.744,4114.592,3642.848,PASS,0
PHASEB_formal_r0_C0_DEFAULT_N2048_q2_rep3,3,4,3,sm_89,R0_FULL_SERIAL,NCCL,C0_DEFAULT,2048,2048,2048,2,1,8388608,25,0,0.000,0.000,0.000,0.000,PASS,0
PHASEB_formal_r0_C0_DEFAULT_N2048_q2_rep3,3,4,3,sm_89,R0_FULL_SERIAL,NCCL,C0_DEFAULT,2048,2048,2048,2,0,8388608,26,0,468.288,476.704,4119.872,3643.168,PASS,0
PHASEB_formal_r0_C0_DEFAULT_N2048_q2_rep3,3,4,3,sm_89,R0_FULL_SERIAL,NCCL,C0_DEFAULT,2048,2048,2048,2,1,8388608,26,0,0.000,0.000,0.000,0.000,PASS,0
PHASEB_formal_r0_C0_DEFAULT_N2048_q2_rep3,3,4,3,sm_89,R0_FULL_SERIAL,NCCL,C0_DEFAULT,2048,2048,2048,2,0,8388608,27,0,453.632,462.048,4106.720,3644.672,PASS,0
PHASEB_formal_r0_C0_DEFAULT_N2048_q2_rep3,3,4,3,sm_89,R0_FULL_SERIAL,NCCL,C0_DEFAULT,2048,2048,2048,2,1,8388608,27,0,0.000,0.000,0.000,0.000,PASS,0
PHASEB_formal_r0_C0_DEFAULT_N2048_q2_rep3,3,4,3,sm_89,R0_FULL_SERIAL,NCCL,C0_DEFAULT,2048,2048,2048,2,0,8388608,28,0,460.800,469.632,4112.096,3642.464,PASS,0
PHASEB_formal_r0_C0_DEFAULT_N2048_q2_rep3,3,4,3,sm_89,R0_FULL_SERIAL,NCCL,C0_DEFAULT,2048,2048,2048,2,1,8388608,28,0,0.000,0.000,0.000,0.000,PASS,0
PHASEB_formal_r0_C0_DEFAULT_N2048_q2_rep3,3,4,3,sm_89,R0_FULL_SERIAL,NCCL,C0_DEFAULT,2048,2048,2048,2,0,8388608,29,0,448.352,456.768,4100.448,3643.680,PASS,0
PHASEB_formal_r0_C0_DEFAULT_N2048_q2_rep3,3,4,3,sm_89,R0_FULL_SERIAL,NCCL,C0_DEFAULT,2048,2048,2048,2,1,8388608,29,0,0.000,0.000,0.000,0.000,PASS,0
PHASEB_formal_r0_C0_DEFAULT_N2048_q2_rep3,3,4,3,sm_89,R0_FULL_SERIAL,NCCL,C0_DEFAULT,2048,2048,2048,2,0,8388608,30,0,461.952,471.008,4114.112,3643.104,PASS,0
PHASEB_formal_r0_C0_DEFAULT_N2048_q2_rep3,3,4,3,sm_89,R0_FULL_SERIAL,NCCL,C0_DEFAULT,2048,2048,2048,2,1,8388608,30,0,0.000,0.000,0.000,0.000,PASS,0
PHASEB_formal_r0_C0_DEFAULT_N2048_q2_rep3,3,4,3,sm_89,R0_FULL_SERIAL,NCCL,C0_DEFAULT,2048,2048,2048,2,0,8388608,31,0,450.368,458.816,4102.272,3643.456,PASS,0
PHASEB_formal_r0_C0_DEFAULT_N2048_q2_rep3,3,4,3,sm_89,R0_FULL_SERIAL,NCCL,C0_DEFAULT,2048,2048,2048,2,1,8388608,31,0,0.000,0.000,0.000,0.000,PASS,0
PHASEB_formal_r0_C0_DEFAULT_N2048_q2_rep3,3,4,3,sm_89,R0_FULL_SERIAL,NCCL,C0_DEFAULT,2048,2048,2048,2,0,8388608,32,0,460.128,468.608,4114.912,3646.304,PASS,0
PHASEB_formal_r0_C0_DEFAULT_N2048_q2_rep3,3,4,3,sm_89,R0_FULL_SERIAL,NCCL,C0_DEFAULT,2048,2048,2048,2,1,8388608,32,0,0.000,0.000,0.000,0.000,PASS,0
PHASEB_formal_r0_C0_DEFAULT_N2048_q2_rep3,3,4,3,sm_89,R0_FULL_SERIAL,NCCL,C0_DEFAULT,2048,2048,2048,2,0,8388608,33,0,449.504,458.048,4102.112,3644.064,PASS,0
PHASEB_formal_r0_C0_DEFAULT_N2048_q2_rep3,3,4,3,sm_89,R0_FULL_SERIAL,NCCL,C0_DEFAULT,2048,2048,2048,2,1,8388608,33,0,0.000,0.000,0.000,0.000,PASS,0
PHASEB_formal_r0_C0_DEFAULT_N2048_q2_rep3,3,4,3,sm_89,R0_FULL_SERIAL,NCCL,C0_DEFAULT,2048,2048,2048,2,0,8388608,34,0,467.008,475.488,4118.944,3643.456,PASS,0
PHASEB_formal_r0_C0_DEFAULT_N2048_q2_rep3,3,4,3,sm_89,R0_FULL_SERIAL,NCCL,C0_DEFAULT,2048,2048,2048,2,1,8388608,34,0,0.000,0.000,0.000,0.000,PASS,0
PHASEB_formal_r0_C0_DEFAULT_N2048_q2_rep3,3,4,3,sm_89,R0_FULL_SERIAL,NCCL,C0_DEFAULT,2048,2048,2048,2,0,8388608,35,0,458.976,467.520,4111.840,3644.320,PASS,0
PHASEB_formal_r0_C0_DEFAULT_N2048_q2_rep3,3,4,3,sm_89,R0_FULL_SERIAL,NCCL,C0_DEFAULT,2048,2048,2048,2,1,8388608,35,0,0.000,0.000,0.000,0.000,PASS,0
PHASEB_formal_r0_C0_DEFAULT_N2048_q2_rep3,3,4,3,sm_89,R0_FULL_SERIAL,NCCL,C0_DEFAULT,2048,2048,2048,2,0,8388608,36,0,451.424,459.872,4104.192,3644.320,PASS,0
PHASEB_formal_r0_C0_DEFAULT_N2048_q2_rep3,3,4,3,sm_89,R0_FULL_SERIAL,NCCL,C0_DEFAULT,2048,2048,2048,2,1,8388608,36,0,0.000,0.000,0.000,0.000,PASS,0
PHASEB_formal_r0_C0_DEFAULT_N2048_q2_rep3,3,4,3,sm_89,R0_FULL_SERIAL,NCCL,C0_DEFAULT,2048,2048,2048,2,0,8388608,37,0,456.256,464.768,4108.384,3643.616,PASS,0
PHASEB_formal_r0_C0_DEFAULT_N2048_q2_rep3,3,4,3,sm_89,R0_FULL_SERIAL,NCCL,C0_DEFAULT,2048,2048,2048,2,1,8388608,37,0,0.000,0.000,0.000,0.000,PASS,0
PHASEB_formal_r0_C0_DEFAULT_N2048_q2_rep3,3,4,3,sm_89,R0_FULL_SERIAL,NCCL,C0_DEFAULT,2048,2048,2048,2,0,8388608,38,0,457.504,465.920,4113.184,3647.264,PASS,0
PHASEB_formal_r0_C0_DEFAULT_N2048_q2_rep3,3,4,3,sm_89,R0_FULL_SERIAL,NCCL,C0_DEFAULT,2048,2048,2048,2,1,8388608,38,0,0.000,0.000,0.000,0.000,PASS,0
PHASEB_formal_r0_C0_DEFAULT_N2048_q2_rep3,3,4,3,sm_89,R0_FULL_SERIAL,NCCL,C0_DEFAULT,2048,2048,2048,2,0,8388608,39,0,457.728,466.144,4110.272,3644.128,PASS,0
PHASEB_formal_r0_C0_DEFAULT_N2048_q2_rep3,3,4,3,sm_89,R0_FULL_SERIAL,NCCL,C0_DEFAULT,2048,2048,2048,2,1,8388608,39,0,0.000,0.000,0.000,0.000,PASS,0
PHASEB_formal_r0_C0_DEFAULT_N2048_q2_rep3,3,4,3,sm_89,R0_FULL_SERIAL,NCCL,C0_DEFAULT,2048,2048,2048,2,0,8388608,40,0,454.240,462.720,4108.832,3646.112,PASS,0
PHASEB_formal_r0_C0_DEFAULT_N2048_q2_rep3,3,4,3,sm_89,R0_FULL_SERIAL,NCCL,C0_DEFAULT,2048,2048,2048,2,1,8388608,40,0,0.000,0.000,0.000,0.000,PASS,0
PHASEB_formal_r0_C0_DEFAULT_N2048_q2_rep3,3,4,3,sm_89,R0_FULL_SERIAL,NCCL,C0_DEFAULT,2048,2048,2048,2,0,8388608,41,0,450.336,458.848,4105.984,3647.136,PASS,0
PHASEB_formal_r0_C0_DEFAULT_N2048_q2_rep3,3,4,3,sm_89,R0_FULL_SERIAL,NCCL,C0_DEFAULT,2048,2048,2048,2,1,8388608,41,0,0.000,0.000,0.000,0.000,PASS,0
PHASEB_formal_r0_C0_DEFAULT_N2048_q2_rep3,3,4,3,sm_89,R0_FULL_SERIAL,NCCL,C0_DEFAULT,2048,2048,2048,2,0,8388608,42,0,463.776,472.256,4118.944,3646.688,PASS,0
PHASEB_formal_r0_C0_DEFAULT_N2048_q2_rep3,3,4,3,sm_89,R0_FULL_SERIAL,NCCL,C0_DEFAULT,2048,2048,2048,2,1,8388608,42,0,0.000,0.000,0.000,0.000,PASS,0
PHASEB_formal_r0_C0_DEFAULT_N2048_q2_rep3,3,4,3,sm_89,R0_FULL_SERIAL,NCCL,C0_DEFAULT,2048,2048,2048,2,0,8388608,43,0,456.288,464.704,4108.704,3644.000,PASS,0
PHASEB_formal_r0_C0_DEFAULT_N2048_q2_rep3,3,4,3,sm_89,R0_FULL_SERIAL,NCCL,C0_DEFAULT,2048,2048,2048,2,1,8388608,43,0,0.000,0.000,0.000,0.000,PASS,0
PHASEB_formal_r0_C0_DEFAULT_N2048_q2_rep3,3,4,3,sm_89,R0_FULL_SERIAL,NCCL,C0_DEFAULT,2048,2048,2048,2,0,8388608,44,0,448.672,457.152,4100.864,3643.712,PASS,0
PHASEB_formal_r0_C0_DEFAULT_N2048_q2_rep3,3,4,3,sm_89,R0_FULL_SERIAL,NCCL,C0_DEFAULT,2048,2048,2048,2,1,8388608,44,0,0.000,0.000,0.000,0.000,PASS,0
PHASEB_formal_r0_C0_DEFAULT_N2048_q2_rep3,3,4,3,sm_89,R0_FULL_SERIAL,NCCL,C0_DEFAULT,2048,2048,2048,2,0,8388608,45,0,453.792,462.240,4106.336,3644.096,PASS,0
PHASEB_formal_r0_C0_DEFAULT_N2048_q2_rep3,3,4,3,sm_89,R0_FULL_SERIAL,NCCL,C0_DEFAULT,2048,2048,2048,2,1,8388608,45,0,0.000,0.000,0.000,0.000,PASS,0
PHASEB_formal_r0_C0_DEFAULT_N2048_q2_rep3,3,4,3,sm_89,R0_FULL_SERIAL,NCCL,C0_DEFAULT,2048,2048,2048,2,0,8388608,46,0,463.072,471.488,4114.144,3642.656,PASS,0
PHASEB_formal_r0_C0_DEFAULT_N2048_q2_rep3,3,4,3,sm_89,R0_FULL_SERIAL,NCCL,C0_DEFAULT,2048,2048,2048,2,1,8388608,46,0,0.000,0.000,0.000,0.000,PASS,0
PHASEB_formal_r0_C0_DEFAULT_N2048_q2_rep3,3,4,3,sm_89,R0_FULL_SERIAL,NCCL,C0_DEFAULT,2048,2048,2048,2,0,8388608,47,0,461.856,470.400,4114.624,3644.224,PASS,0
PHASEB_formal_r0_C0_DEFAULT_N2048_q2_rep3,3,4,3,sm_89,R0_FULL_SERIAL,NCCL,C0_DEFAULT,2048,2048,2048,2,1,8388608,47,0,0.000,0.000,0.000,0.000,PASS,0
PHASEB_formal_r0_C0_DEFAULT_N2048_q2_rep3,3,4,3,sm_89,R0_FULL_SERIAL,NCCL,C0_DEFAULT,2048,2048,2048,2,0,8388608,48,0,457.312,465.856,4109.568,3643.712,PASS,0
PHASEB_formal_r0_C0_DEFAULT_N2048_q2_rep3,3,4,3,sm_89,R0_FULL_SERIAL,NCCL,C0_DEFAULT,2048,2048,2048,2,1,8388608,48,0,0.000,0.000,0.000,0.000,PASS,0
PHASEB_formal_r0_C0_DEFAULT_N2048_q2_rep3,3,4,3,sm_89,R0_FULL_SERIAL,NCCL,C0_DEFAULT,2048,2048,2048,2,0,8388608,49,0,462.752,471.552,4115.008,3643.456,PASS,0
PHASEB_formal_r0_C0_DEFAULT_N2048_q2_rep3,3,4,3,sm_89,R0_FULL_SERIAL,NCCL,C0_DEFAULT,2048,2048,2048,2,1,8388608,49,0,0.000,0.000,0.000,0.000,PASS,0
PHASEB_formal_r0_C0_DEFAULT_N2048_q2_rep3,3,4,3,sm_89,R0_FULL_SERIAL,NCCL,C0_DEFAULT,2048,2048,2048,2,0,8388608,50,0,457.792,466.240,4113.600,3647.360,PASS,0
PHASEB_formal_r0_C0_DEFAULT_N2048_q2_rep3,3,4,3,sm_89,R0_FULL_SERIAL,NCCL,C0_DEFAULT,2048,2048,2048,2,1,8388608,50,0,0.000,0.000,0.000,0.000,PASS,0
PHASEB_formal_r0_C0_DEFAULT_N2048_q2_rep3,3,4,3,sm_89,R0_FULL_SERIAL,NCCL,C0_DEFAULT,2048,2048,2048,2,0,8388608,51,0,467.712,476.192,4124.480,3648.288,PASS,0
PHASEB_formal_r0_C0_DEFAULT_N2048_q2_rep3,3,4,3,sm_89,R0_FULL_SERIAL,NCCL,C0_DEFAULT,2048,2048,2048,2,1,8388608,51,0,0.000,0.000,0.000,0.000,PASS,0
PHASEB_formal_r0_C0_DEFAULT_N2048_q2_rep3,3,4,3,sm_89,R0_FULL_SERIAL,NCCL,C0_DEFAULT,2048,2048,2048,2,0,8388608,52,0,461.472,469.696,4114.528,3644.832,PASS,0
PHASEB_formal_r0_C0_DEFAULT_N2048_q2_rep3,3,4,3,sm_89,R0_FULL_SERIAL,NCCL,C0_DEFAULT,2048,2048,2048,2,1,8388608,52,0,0.000,0.000,0.000,0.000,PASS,0
PHASEB_formal_r0_C0_DEFAULT_N2048_q2_rep3,3,4,3,sm_89,R0_FULL_SERIAL,NCCL,C0_DEFAULT,2048,2048,2048,2,0,8388608,53,0,449.696,458.112,4100.288,3642.176,PASS,0
PHASEB_formal_r0_C0_DEFAULT_N2048_q2_rep3,3,4,3,sm_89,R0_FULL_SERIAL,NCCL,C0_DEFAULT,2048,2048,2048,2,1,8388608,53,0,0.000,0.000,0.000,0.000,PASS,0
PHASEB_formal_r0_C0_DEFAULT_N2048_q2_rep3,3,4,3,sm_89,R0_FULL_SERIAL,NCCL,C0_DEFAULT,2048,2048,2048,2,0,8388608,54,0,458.688,467.168,4112.672,3645.504,PASS,0
PHASEB_formal_r0_C0_DEFAULT_N2048_q2_rep3,3,4,3,sm_89,R0_FULL_SERIAL,NCCL,C0_DEFAULT,2048,2048,2048,2,1,8388608,54,0,0.000,0.000,0.000,0.000,PASS,0
PHASEB_formal_r0_C0_DEFAULT_N2048_q2_rep3,3,4,3,sm_89,R0_FULL_SERIAL,NCCL,C0_DEFAULT,2048,2048,2048,2,0,8388608,55,0,465.472,473.952,4117.920,3643.968,PASS,0
PHASEB_formal_r0_C0_DEFAULT_N2048_q2_rep3,3,4,3,sm_89,R0_FULL_SERIAL,NCCL,C0_DEFAULT,2048,2048,2048,2,1,8388608,55,0,0.000,0.000,0.000,0.000,PASS,0
PHASEB_formal_r0_C0_DEFAULT_N2048_q2_rep3,3,4,3,sm_89,R0_FULL_SERIAL,NCCL,C0_DEFAULT,2048,2048,2048,2,0,8388608,56,0,451.168,459.648,4103.808,3644.160,PASS,0
PHASEB_formal_r0_C0_DEFAULT_N2048_q2_rep3,3,4,3,sm_89,R0_FULL_SERIAL,NCCL,C0_DEFAULT,2048,2048,2048,2,1,8388608,56,0,0.000,0.000,0.000,0.000,PASS,0
PHASEB_formal_r0_C0_DEFAULT_N2048_q2_rep3,3,4,3,sm_89,R0_FULL_SERIAL,NCCL,C0_DEFAULT,2048,2048,2048,2,0,8388608,57,0,468.256,476.960,4119.520,3642.560,PASS,0
PHASEB_formal_r0_C0_DEFAULT_N2048_q2_rep3,3,4,3,sm_89,R0_FULL_SERIAL,NCCL,C0_DEFAULT,2048,2048,2048,2,1,8388608,57,0,0.000,0.000,0.000,0.000,PASS,0
PHASEB_formal_r0_C0_DEFAULT_N2048_q2_rep3,3,4,3,sm_89,R0_FULL_SERIAL,NCCL,C0_DEFAULT,2048,2048,2048,2,0,8388608,58,0,459.808,468.288,4112.032,3643.744,PASS,0
PHASEB_formal_r0_C0_DEFAULT_N2048_q2_rep3,3,4,3,sm_89,R0_FULL_SERIAL,NCCL,C0_DEFAULT,2048,2048,2048,2,1,8388608,58,0,0.000,0.000,0.000,0.000,PASS,0
PHASEB_formal_r0_C0_DEFAULT_N2048_q2_rep3,3,4,3,sm_89,R0_FULL_SERIAL,NCCL,C0_DEFAULT,2048,2048,2048,2,0,8388608,59,0,459.104,467.520,4114.560,3647.040,PASS,0
PHASEB_formal_r0_C0_DEFAULT_N2048_q2_rep3,3,4,3,sm_89,R0_FULL_SERIAL,NCCL,C0_DEFAULT,2048,2048,2048,2,1,8388608,59,0,0.000,0.000,0.000,0.000,PASS,0
PHASEB_formal_r0_C0_DEFAULT_N2048_q2_rep3,3,4,3,sm_89,R0_FULL_SERIAL,NCCL,C0_DEFAULT,2048,2048,2048,2,0,8388608,60,0,461.728,470.304,4113.664,3643.360,PASS,0
PHASEB_formal_r0_C0_DEFAULT_N2048_q2_rep3,3,4,3,sm_89,R0_FULL_SERIAL,NCCL,C0_DEFAULT,2048,2048,2048,2,1,8388608,60,0,0.000,0.000,0.000,0.000,PASS,0
PHASEB_formal_r0_C0_DEFAULT_N2048_q2_rep3,3,4,3,sm_89,R0_FULL_SERIAL,NCCL,C0_DEFAULT,2048,2048,2048,2,0,8388608,61,0,453.920,462.400,4105.920,3643.520,PASS,0
PHASEB_formal_r0_C0_DEFAULT_N2048_q2_rep3,3,4,3,sm_89,R0_FULL_SERIAL,NCCL,C0_DEFAULT,2048,2048,2048,2,1,8388608,61,0,0.000,0.000,0.000,0.000,PASS,0
PHASEB_formal_r0_C0_DEFAULT_N2048_q2_rep3,3,4,3,sm_89,R0_FULL_SERIAL,NCCL,C0_DEFAULT,2048,2048,2048,2,0,8388608,62,0,464.736,473.184,4116.704,3643.520,PASS,0
PHASEB_formal_r0_C0_DEFAULT_N2048_q2_rep3,3,4,3,sm_89,R0_FULL_SERIAL,NCCL,C0_DEFAULT,2048,2048,2048,2,1,8388608,62,0,0.000,0.000,0.000,0.000,PASS,0
PHASEB_formal_r0_C0_DEFAULT_N2048_q2_rep3,3,4,3,sm_89,R0_FULL_SERIAL,NCCL,C0_DEFAULT,2048,2048,2048,2,0,8388608,63,0,465.056,473.472,4115.584,3642.112,PASS,0
PHASEB_formal_r0_C0_DEFAULT_N2048_q2_rep3,3,4,3,sm_89,R0_FULL_SERIAL,NCCL,C0_DEFAULT,2048,2048,2048,2,1,8388608,63,0,0.000,0.000,0.000,0.000,PASS,0
PHASEB_formal_r0_C0_DEFAULT_N2048_q2_rep3,3,4,3,sm_89,R0_FULL_SERIAL,NCCL,C0_DEFAULT,2048,2048,2048,2,0,8388608,64,0,457.024,465.696,4110.880,3645.184,PASS,0
PHASEB_formal_r0_C0_DEFAULT_N2048_q2_rep3,3,4,3,sm_89,R0_FULL_SERIAL,NCCL,C0_DEFAULT,2048,2048,2048,2,1,8388608,64,0,0.000,0.000,0.000,0.000,PASS,0
PHASEB_formal_r0_C0_DEFAULT_N2048_q2_rep3,3,4,3,sm_89,R0_FULL_SERIAL,NCCL,C0_DEFAULT,2048,2048,2048,2,0,8388608,65,0,457.536,466.336,4109.920,3643.584,PASS,0
PHASEB_formal_r0_C0_DEFAULT_N2048_q2_rep3,3,4,3,sm_89,R0_FULL_SERIAL,NCCL,C0_DEFAULT,2048,2048,2048,2,1,8388608,65,0,0.000,0.000,0.000,0.000,PASS,0
PHASEB_formal_r0_C0_DEFAULT_N2048_q2_rep3,3,4,3,sm_89,R0_FULL_SERIAL,NCCL,C0_DEFAULT,2048,2048,2048,2,0,8388608,66,0,467.104,475.648,4119.136,3643.488,PASS,0
PHASEB_formal_r0_C0_DEFAULT_N2048_q2_rep3,3,4,3,sm_89,R0_FULL_SERIAL,NCCL,C0_DEFAULT,2048,2048,2048,2,1,8388608,66,0,0.000,0.000,0.000,0.000,PASS,0
PHASEB_formal_r0_C0_DEFAULT_N2048_q2_rep3,3,4,3,sm_89,R0_FULL_SERIAL,NCCL,C0_DEFAULT,2048,2048,2048,2,0,8388608,67,0,458.240,466.720,4070.912,3604.192,PASS,0
PHASEB_formal_r0_C0_DEFAULT_N2048_q2_rep3,3,4,3,sm_89,R0_FULL_SERIAL,NCCL,C0_DEFAULT,2048,2048,2048,2,1,8388608,67,0,0.000,0.000,0.000,0.000,PASS,0
PHASEB_formal_r0_C0_DEFAULT_N2048_q2_rep3,3,4,3,sm_89,R0_FULL_SERIAL,NCCL,C0_DEFAULT,2048,2048,2048,2,0,8388608,68,0,457.632,466.016,4069.760,3603.744,PASS,0
PHASEB_formal_r0_C0_DEFAULT_N2048_q2_rep3,3,4,3,sm_89,R0_FULL_SERIAL,NCCL,C0_DEFAULT,2048,2048,2048,2,1,8388608,68,0,0.000,0.000,0.000,0.000,PASS,0
PHASEB_formal_r0_C0_DEFAULT_N2048_q2_rep3,3,4,3,sm_89,R0_FULL_SERIAL,NCCL,C0_DEFAULT,2048,2048,2048,2,0,8388608,69,0,457.760,466.080,4070.656,3604.576,PASS,0
PHASEB_formal_r0_C0_DEFAULT_N2048_q2_rep3,3,4,3,sm_89,R0_FULL_SERIAL,NCCL,C0_DEFAULT,2048,2048,2048,2,1,8388608,69,0,0.000,0.000,0.000,0.000,PASS,0
PHASEB_formal_r0_C0_DEFAULT_N2048_q2_rep3,3,4,3,sm_89,R0_FULL_SERIAL,NCCL,C0_DEFAULT,2048,2048,2048,2,0,8388608,70,0,457.696,466.496,4092.320,3625.824,PASS,0
PHASEB_formal_r0_C0_DEFAULT_N2048_q2_rep3,3,4,3,sm_89,R0_FULL_SERIAL,NCCL,C0_DEFAULT,2048,2048,2048,2,1,8388608,70,0,0.000,0.000,0.000,0.000,PASS,0
PHASEB_formal_r0_C0_DEFAULT_N2048_q2_rep3,3,4,3,sm_89,R0_FULL_SERIAL,NCCL,C0_DEFAULT,2048,2048,2048,2,0,8388608,71,0,465.376,474.176,4118.880,3644.704,PASS,0
PHASEB_formal_r0_C0_DEFAULT_N2048_q2_rep3,3,4,3,sm_89,R0_FULL_SERIAL,NCCL,C0_DEFAULT,2048,2048,2048,2,1,8388608,71,0,0.000,0.000,0.000,0.000,PASS,0
PHASEB_formal_r0_C0_DEFAULT_N2048_q2_rep3,3,4,3,sm_89,R0_FULL_SERIAL,NCCL,C0_DEFAULT,2048,2048,2048,2,0,8388608,72,0,461.696,470.240,4114.208,3643.968,PASS,0
PHASEB_formal_r0_C0_DEFAULT_N2048_q2_rep3,3,4,3,sm_89,R0_FULL_SERIAL,NCCL,C0_DEFAULT,2048,2048,2048,2,1,8388608,72,0,0.000,0.000,0.000,0.000,PASS,0
PHASEB_formal_r0_C0_DEFAULT_N2048_q2_rep3,3,4,3,sm_89,R0_FULL_SERIAL,NCCL,C0_DEFAULT,2048,2048,2048,2,0,8388608,73,0,454.976,463.296,4085.824,3622.528,PASS,0
PHASEB_formal_r0_C0_DEFAULT_N2048_q2_rep3,3,4,3,sm_89,R0_FULL_SERIAL,NCCL,C0_DEFAULT,2048,2048,2048,2,1,8388608,73,0,0.000,0.000,0.000,0.000,PASS,0
PHASEB_formal_r0_C0_DEFAULT_N2048_q2_rep3,3,4,3,sm_89,R0_FULL_SERIAL,NCCL,C0_DEFAULT,2048,2048,2048,2,0,8388608,74,0,455.104,463.392,4081.760,3618.368,PASS,0
PHASEB_formal_r0_C0_DEFAULT_N2048_q2_rep3,3,4,3,sm_89,R0_FULL_SERIAL,NCCL,C0_DEFAULT,2048,2048,2048,2,1,8388608,74,0,0.000,0.000,0.000,0.000,PASS,0
PHASEB_formal_r0_C0_DEFAULT_N2048_q2_rep3,3,4,3,sm_89,R0_FULL_SERIAL,NCCL,C0_DEFAULT,2048,2048,2048,2,0,8388608,75,0,457.248,465.888,4087.264,3621.376,PASS,0
PHASEB_formal_r0_C0_DEFAULT_N2048_q2_rep3,3,4,3,sm_89,R0_FULL_SERIAL,NCCL,C0_DEFAULT,2048,2048,2048,2,1,8388608,75,0,0.000,0.000,0.000,0.000,PASS,0
PHASEB_formal_r0_C0_DEFAULT_N2048_q2_rep3,3,4,3,sm_89,R0_FULL_SERIAL,NCCL,C0_DEFAULT,2048,2048,2048,2,0,8388608,76,0,456.224,464.704,4082.048,3617.344,PASS,0
PHASEB_formal_r0_C0_DEFAULT_N2048_q2_rep3,3,4,3,sm_89,R0_FULL_SERIAL,NCCL,C0_DEFAULT,2048,2048,2048,2,1,8388608,76,0,0.000,0.000,0.000,0.000,PASS,0
PHASEB_formal_r0_C0_DEFAULT_N2048_q2_rep3,3,4,3,sm_89,R0_FULL_SERIAL,NCCL,C0_DEFAULT,2048,2048,2048,2,0,8388608,77,0,448.128,456.640,4074.976,3618.336,PASS,0
PHASEB_formal_r0_C0_DEFAULT_N2048_q2_rep3,3,4,3,sm_89,R0_FULL_SERIAL,NCCL,C0_DEFAULT,2048,2048,2048,2,1,8388608,77,0,0.000,0.000,0.000,0.000,PASS,0
PHASEB_formal_r0_C0_DEFAULT_N2048_q2_rep3,3,4,3,sm_89,R0_FULL_SERIAL,NCCL,C0_DEFAULT,2048,2048,2048,2,0,8388608,78,0,459.616,468.064,4086.400,3618.336,PASS,0
PHASEB_formal_r0_C0_DEFAULT_N2048_q2_rep3,3,4,3,sm_89,R0_FULL_SERIAL,NCCL,C0_DEFAULT,2048,2048,2048,2,1,8388608,78,0,0.000,0.000,0.000,0.000,PASS,0
PHASEB_formal_r0_C0_DEFAULT_N2048_q2_rep3,3,4,3,sm_89,R0_FULL_SERIAL,NCCL,C0_DEFAULT,2048,2048,2048,2,0,8388608,79,0,452.672,461.184,4084.000,3622.816,PASS,0
PHASEB_formal_r0_C0_DEFAULT_N2048_q2_rep3,3,4,3,sm_89,R0_FULL_SERIAL,NCCL,C0_DEFAULT,2048,2048,2048,2,1,8388608,79,0,0.000,0.000,0.000,0.000,PASS,0
