scope,run_id,timestamp_utc,host,gpu_model,device,rank,rank_count,dtype,M,N,K,collective,q,slice_bytes,backend,strategy,transport_hint,warmup,iteration_index,status,correctness,max_abs_error,max_rel_error,t_release_first_us,t_release_last_us,t_done_us,gemm_first_start_us,gemm_last_end_us,e2e_us,log_path,window
global_max,stage1_A_DEFAULT_S4_m512k4096n4096_q16w0_rep2,2026-09-03T02:17:42Z,cs-ec021-cfaa2-server,NVIDIA A800-SXM4-80GB,0,0,4,fp32,2048,4096,4096,AllGather-GEMM,16,2097152,NCCL,B0_FULL_SERIAL,DEFAULT,20,0,PASS,1,0,0,247.296005487,247.296005487,304.351985455,307.904005051,3998.43192101,4001.92022324,/root/second_nvidia/ag-gemm-bench/results/stage1_20260903T015055Z/stage1_A_DEFAULT_S4_m512k4096n4096_q16w0_rep2/rank{rank}.log,0
global_max,stage1_A_DEFAULT_S4_m512k4096n4096_q16w0_rep2,2026-09-03T02:17:43Z,cs-ec021-cfaa2-server,NVIDIA A800-SXM4-80GB,0,0,4,fp32,2048,4096,4096,AllGather-GEMM,16,2097152,NCCL,B0_FULL_SERIAL,DEFAULT,20,1,PASS,1,0,0,2264.44792747,2264.44792747,2321.02394104,2324.54395294,6018.78404617,6022.20821381,/root/second_nvidia/ag-gemm-bench/results/stage1_20260903T015055Z/stage1_A_DEFAULT_S4_m512k4096n4096_q16w0_rep2/rank{rank}.log,0
global_max,stage1_A_DEFAULT_S4_m512k4096n4096_q16w0_rep2,2026-09-03T02:17:43Z,cs-ec021-cfaa2-server,NVIDIA A800-SXM4-80GB,0,0,4,fp32,2048,4096,4096,AllGather-GEMM,16,2097152,NCCL,B0_FULL_SERIAL,DEFAULT,20,2,PASS,1,0,0,339.744001627,339.744001627,396.064013243,399.583995342,4073.66418839,4077.18420029,/root/second_nvidia/ag-gemm-bench/results/stage1_20260903T015055Z/stage1_A_DEFAULT_S4_m512k4096n4096_q16w0_rep2/rank{rank}.log,0
global_max,stage1_A_DEFAULT_S4_m512k4096n4096_q16w0_rep2,2026-09-03T02:17:43Z,cs-ec021-cfaa2-server,NVIDIA A800-SXM4-80GB,0,0,4,fp32,2048,4096,4096,AllGather-GEMM,16,2097152,NCCL,B0_FULL_SERIAL,DEFAULT,20,3,PASS,1,0,0,339.776009321,339.776009321,396.703988314,400.224000216,4073.37617874,4076.89619064,/root/second_nvidia/ag-gemm-bench/results/stage1_20260903T015055Z/stage1_A_DEFAULT_S4_m512k4096n4096_q16w0_rep2/rank{rank}.log,0
global_max,stage1_A_DEFAULT_S4_m512k4096n4096_q16w0_rep2,2026-09-03T02:17:43Z,cs-ec021-cfaa2-server,NVIDIA A800-SXM4-80GB,0,0,4,fp32,2048,4096,4096,AllGather-GEMM,16,2097152,NCCL,B0_FULL_SERIAL,DEFAULT,20,4,PASS,1,0,0,348.704010248,348.704010248,405.631989241,409.152001143,4077.82411575,4081.34412766,/root/second_nvidia/ag-gemm-bench/results/stage1_20260903T015055Z/stage1_A_DEFAULT_S4_m512k4096n4096_q16w0_rep2/rank{rank}.log,0
global_max,stage1_A_DEFAULT_S4_m512k4096n4096_q16w0_rep2,2026-09-03T02:17:43Z,cs-ec021-cfaa2-server,NVIDIA A800-SXM4-80GB,0,0,4,fp32,2048,4096,4096,AllGather-GEMM,16,2097152,NCCL,B0_FULL_SERIAL,DEFAULT,20,5,PASS,1,0,0,1803.71201038,1803.71201038,1860.35203934,1863.87205124,5533.31184387,5536.79990768,/root/second_nvidia/ag-gemm-bench/results/stage1_20260903T015055Z/stage1_A_DEFAULT_S4_m512k4096n4096_q16w0_rep2/rank{rank}.log,0
global_max,stage1_A_DEFAULT_S4_m512k4096n4096_q16w0_rep2,2026-09-03T02:17:43Z,cs-ec021-cfaa2-server,NVIDIA A800-SXM4-80GB,0,0,4,fp32,2048,4096,4096,AllGather-GEMM,16,2097152,NCCL,B0_FULL_SERIAL,DEFAULT,20,6,PASS,1,0,0,343.232005835,343.232005835,400.287985802,403.775990009,4098.87981415,4102.30398178,/root/second_nvidia/ag-gemm-bench/results/stage1_20260903T015055Z/stage1_A_DEFAULT_S4_m512k4096n4096_q16w0_rep2/rank{rank}.log,0
global_max,stage1_A_DEFAULT_S4_m512k4096n4096_q16w0_rep2,2026-09-03T02:17:43Z,cs-ec021-cfaa2-server,NVIDIA A800-SXM4-80GB,0,0,4,fp32,2048,4096,4096,AllGather-GEMM,16,2097152,NCCL,B0_FULL_SERIAL,DEFAULT,20,7,PASS,1,0,0,370.911985636,370.911985636,427.904009819,431.423991919,4103.87182236,4107.39183426,/root/second_nvidia/ag-gemm-bench/results/stage1_20260903T015055Z/stage1_A_DEFAULT_S4_m512k4096n4096_q16w0_rep2/rank{rank}.log,0
global_max,stage1_A_DEFAULT_S4_m512k4096n4096_q16w0_rep2,2026-09-03T02:17:43Z,cs-ec021-cfaa2-server,NVIDIA A800-SXM4-80GB,0,0,4,fp32,2048,4096,4096,AllGather-GEMM,16,2097152,NCCL,B0_FULL_SERIAL,DEFAULT,20,8,PASS,1,0,0,353.888005018,353.888005018,410.784006119,414.303988218,4091.71199799,4095.39222717,/root/second_nvidia/ag-gemm-bench/results/stage1_20260903T015055Z/stage1_A_DEFAULT_S4_m512k4096n4096_q16w0_rep2/rank{rank}.log,0
global_max,stage1_A_DEFAULT_S4_m512k4096n4096_q16w0_rep2,2026-09-03T02:17:43Z,cs-ec021-cfaa2-server,NVIDIA A800-SXM4-80GB,0,0,4,fp32,2048,4096,4096,AllGather-GEMM,16,2097152,NCCL,B0_FULL_SERIAL,DEFAULT,20,9,PASS,1,0,0,345.503985882,345.503985882,402.208000422,405.728012323,4080.95979691,4084.47980881,/root/second_nvidia/ag-gemm-bench/results/stage1_20260903T015055Z/stage1_A_DEFAULT_S4_m512k4096n4096_q16w0_rep2/rank{rank}.log,0
global_max,stage1_A_DEFAULT_S4_m512k4096n4096_q16w0_rep2,2026-09-03T02:17:43Z,cs-ec021-cfaa2-server,NVIDIA A800-SXM4-80GB,0,0,4,fp32,2048,4096,4096,AllGather-GEMM,16,2097152,NCCL,B0_FULL_SERIAL,DEFAULT,20,10,PASS,1,0,0,336.607992649,336.607992649,393.59998703,397.152006626,4094.20776367,4097.72777557,/root/second_nvidia/ag-gemm-bench/results/stage1_20260903T015055Z/stage1_A_DEFAULT_S4_m512k4096n4096_q16w0_rep2/rank{rank}.log,0
global_max,stage1_A_DEFAULT_S4_m512k4096n4096_q16w0_rep2,2026-09-03T02:17:43Z,cs-ec021-cfaa2-server,NVIDIA A800-SXM4-80GB,0,0,4,fp32,2048,4096,4096,AllGather-GEMM,16,2097152,NCCL,B0_FULL_SERIAL,DEFAULT,20,11,PASS,1,0,0,341.919988394,341.919988394,398.43198657,401.951998472,4096.60816193,4100.12817383,/root/second_nvidia/ag-gemm-bench/results/stage1_20260903T015055Z/stage1_A_DEFAULT_S4_m512k4096n4096_q16w0_rep2/rank{rank}.log,0
global_max,stage1_A_DEFAULT_S4_m512k4096n4096_q16w0_rep2,2026-09-03T02:17:43Z,cs-ec021-cfaa2-server,NVIDIA A800-SXM4-80GB,0,0,4,fp32,2048,4096,4096,AllGather-GEMM,16,2097152,NCCL,B0_FULL_SERIAL,DEFAULT,20,12,PASS,1,0,0,339.136004448,339.136004448,396.160006523,399.679988623,4070.62387466,4074.17583466,/root/second_nvidia/ag-gemm-bench/results/stage1_20260903T015055Z/stage1_A_DEFAULT_S4_m512k4096n4096_q16w0_rep2/rank{rank}.log,0
global_max,stage1_A_DEFAULT_S4_m512k4096n4096_q16w0_rep2,2026-09-03T02:17:43Z,cs-ec021-cfaa2-server,NVIDIA A800-SXM4-80GB,0,0,4,fp32,2048,4096,4096,AllGather-GEMM,16,2097152,NCCL,B0_FULL_SERIAL,DEFAULT,20,13,PASS,1,0,0,335.967987776,335.967987776,392.735987902,396.288007498,4076.12800598,4079.64801788,/root/second_nvidia/ag-gemm-bench/results/stage1_20260903T015055Z/stage1_A_DEFAULT_S4_m512k4096n4096_q16w0_rep2/rank{rank}.log,0
global_max,stage1_A_DEFAULT_S4_m512k4096n4096_q16w0_rep2,2026-09-03T02:17:43Z,cs-ec021-cfaa2-server,NVIDIA A800-SXM4-80GB,0,0,4,fp32,2048,4096,4096,AllGather-GEMM,16,2097152,NCCL,B0_FULL_SERIAL,DEFAULT,20,14,PASS,1,0,0,1012.79997826,1012.79997826,1069.34404373,1073.0240345,4741.98389053,4745.50390244,/root/second_nvidia/ag-gemm-bench/results/stage1_20260903T015055Z/stage1_A_DEFAULT_S4_m512k4096n4096_q16w0_rep2/rank{rank}.log,0
global_max,stage1_A_DEFAULT_S4_m512k4096n4096_q16w0_rep2,2026-09-03T02:17:43Z,cs-ec021-cfaa2-server,NVIDIA A800-SXM4-80GB,0,0,4,fp32,2048,4096,4096,AllGather-GEMM,16,2097152,NCCL,B0_FULL_SERIAL,DEFAULT,20,15,PASS,1,0,0,602.591991425,602.591991425,658.783972263,662.335991859,4338.27209473,4341.72821045,/root/second_nvidia/ag-gemm-bench/results/stage1_20260903T015055Z/stage1_A_DEFAULT_S4_m512k4096n4096_q16w0_rep2/rank{rank}.log,0
global_max,stage1_A_DEFAULT_S4_m512k4096n4096_q16w0_rep2,2026-09-03T02:17:43Z,cs-ec021-cfaa2-server,NVIDIA A800-SXM4-80GB,0,0,4,fp32,2048,4096,4096,AllGather-GEMM,16,2097152,NCCL,B0_FULL_SERIAL,DEFAULT,20,16,PASS,1,0,0,395.007997751,395.007997751,451.615989208,455.13600111,4124.00007248,4127.48813629,/root/second_nvidia/ag-gemm-bench/results/stage1_20260903T015055Z/stage1_A_DEFAULT_S4_m512k4096n4096_q16w0_rep2/rank{rank}.log,0
global_max,stage1_A_DEFAULT_S4_m512k4096n4096_q16w0_rep2,2026-09-03T02:17:43Z,cs-ec021-cfaa2-server,NVIDIA A800-SXM4-80GB,0,0,4,fp32,2048,4096,4096,AllGather-GEMM,16,2097152,NCCL,B0_FULL_SERIAL,DEFAULT,20,17,PASS,1,0,0,380.41600585,380.41600585,437.375992537,440.959990025,4116.12796783,4119.64797974,/root/second_nvidia/ag-gemm-bench/results/stage1_20260903T015055Z/stage1_A_DEFAULT_S4_m512k4096n4096_q16w0_rep2/rank{rank}.log,0
global_max,stage1_A_DEFAULT_S4_m512k4096n4096_q16w0_rep2,2026-09-03T02:17:43Z,cs-ec021-cfaa2-server,NVIDIA A800-SXM4-80GB,0,0,4,fp32,2048,4096,4096,AllGather-GEMM,16,2097152,NCCL,B0_FULL_SERIAL,DEFAULT,20,18,PASS,1,0,0,373.632013798,373.632013798,430.079996586,433.568000793,4103.80792618,4107.32793808,/root/second_nvidia/ag-gemm-bench/results/stage1_20260903T015055Z/stage1_A_DEFAULT_S4_m512k4096n4096_q16w0_rep2/rank{rank}.log,0
global_max,stage1_A_DEFAULT_S4_m512k4096n4096_q16w0_rep2,2026-09-03T02:17:43Z,cs-ec021-cfaa2-server,NVIDIA A800-SXM4-80GB,0,0,4,fp32,2048,4096,4096,AllGather-GEMM,16,2097152,NCCL,B0_FULL_SERIAL,DEFAULT,20,19,PASS,1,0,0,409.471988678,409.471988678,466.080009937,469.599992037,4138.78393173,4142.3997879,/root/second_nvidia/ag-gemm-bench/results/stage1_20260903T015055Z/stage1_A_DEFAULT_S4_m512k4096n4096_q16w0_rep2/rank{rank}.log,0
global_max,stage1_A_DEFAULT_S4_m512k4096n4096_q16w0_rep2,2026-09-03T02:17:44Z,cs-ec021-cfaa2-server,NVIDIA A800-SXM4-80GB,0,0,4,fp32,2048,4096,4096,AllGather-GEMM,16,2097152,NCCL,B0_FULL_SERIAL,DEFAULT,20,20,PASS,1,0,0,597.984015942,597.984015942,654.87998724,658.432006836,4327.29578018,4330.78384399,/root/second_nvidia/ag-gemm-bench/results/stage1_20260903T015055Z/stage1_A_DEFAULT_S4_m512k4096n4096_q16w0_rep2/rank{rank}.log,0
global_max,stage1_A_DEFAULT_S4_m512k4096n4096_q16w0_rep2,2026-09-03T02:17:44Z,cs-ec021-cfaa2-server,NVIDIA A800-SXM4-80GB,0,0,4,fp32,2048,4096,4096,AllGather-GEMM,16,2097152,NCCL,B0_FULL_SERIAL,DEFAULT,20,21,PASS,1,0,0,536.06402874,536.06402874,592.89598465,596.415996552,4265.47193527,4269.02389526,/root/second_nvidia/ag-gemm-bench/results/stage1_20260903T015055Z/stage1_A_DEFAULT_S4_m512k4096n4096_q16w0_rep2/rank{rank}.log,0
global_max,stage1_A_DEFAULT_S4_m512k4096n4096_q16w0_rep2,2026-09-03T02:17:44Z,cs-ec021-cfaa2-server,NVIDIA A800-SXM4-80GB,0,0,4,fp32,2048,4096,4096,AllGather-GEMM,16,2097152,NCCL,B0_FULL_SERIAL,DEFAULT,20,22,PASS,1,0,0,367.231994867,367.231994867,424.095988274,427.616000175,4097.72777557,4101.24778748,/root/second_nvidia/ag-gemm-bench/results/stage1_20260903T015055Z/stage1_A_DEFAULT_S4_m512k4096n4096_q16w0_rep2/rank{rank}.log,0
global_max,stage1_A_DEFAULT_S4_m512k4096n4096_q16w0_rep2,2026-09-03T02:17:44Z,cs-ec021-cfaa2-server,NVIDIA A800-SXM4-80GB,0,0,4,fp32,2048,4096,4096,AllGather-GEMM,16,2097152,NCCL,B0_FULL_SERIAL,DEFAULT,20,23,PASS,1,0,0,382.400006056,382.400006056,439.296007156,442.84799695,4112.16020584,4115.71216583,/root/second_nvidia/ag-gemm-bench/results/stage1_20260903T015055Z/stage1_A_DEFAULT_S4_m512k4096n4096_q16w0_rep2/rank{rank}.log,0
global_max,stage1_A_DEFAULT_S4_m512k4096n4096_q16w0_rep2,2026-09-03T02:17:44Z,cs-ec021-cfaa2-server,NVIDIA A800-SXM4-80GB,0,0,4,fp32,2048,4096,4096,AllGather-GEMM,16,2097152,NCCL,B0_FULL_SERIAL,DEFAULT,20,24,PASS,1,0,0,401.791989803,401.791989803,458.528012037,462.2400105,4131.51979446,4135.42413712,/root/second_nvidia/ag-gemm-bench/results/stage1_20260903T015055Z/stage1_A_DEFAULT_S4_m512k4096n4096_q16w0_rep2/rank{rank}.log,0
global_max,stage1_A_DEFAULT_S4_m512k4096n4096_q16w0_rep2,2026-09-03T02:17:44Z,cs-ec021-cfaa2-server,NVIDIA A800-SXM4-80GB,0,0,4,fp32,2048,4096,4096,AllGather-GEMM,16,2097152,NCCL,B0_FULL_SERIAL,DEFAULT,20,25,PASS,1,0,0,585.888028145,585.888028145,642.783999443,646.304011345,4324.86391068,4328.38392258,/root/second_nvidia/ag-gemm-bench/results/stage1_20260903T015055Z/stage1_A_DEFAULT_S4_m512k4096n4096_q16w0_rep2/rank{rank}.log,0
global_max,stage1_A_DEFAULT_S4_m512k4096n4096_q16w0_rep2,2026-09-03T02:17:44Z,cs-ec021-cfaa2-server,NVIDIA A800-SXM4-80GB,0,0,4,fp32,2048,4096,4096,AllGather-GEMM,16,2097152,NCCL,B0_FULL_SERIAL,DEFAULT,20,26,PASS,1,0,0,390.911996365,390.911996365,447.840005159,451.359987259,4133.0242157,4136.5442276,/root/second_nvidia/ag-gemm-bench/results/stage1_20260903T015055Z/stage1_A_DEFAULT_S4_m512k4096n4096_q16w0_rep2/rank{rank}.log,0
global_max,stage1_A_DEFAULT_S4_m512k4096n4096_q16w0_rep2,2026-09-03T02:17:44Z,cs-ec021-cfaa2-server,NVIDIA A800-SXM4-80GB,0,0,4,fp32,2048,4096,4096,AllGather-GEMM,16,2097152,NCCL,B0_FULL_SERIAL,DEFAULT,20,27,PASS,1,0,0,351.808011532,351.808011532,407.80800581,411.296010017,4079.71191406,4083.29582214,/root/second_nvidia/ag-gemm-bench/results/stage1_20260903T015055Z/stage1_A_DEFAULT_S4_m512k4096n4096_q16w0_rep2/rank{rank}.log,0
global_max,stage1_A_DEFAULT_S4_m512k4096n4096_q16w0_rep2,2026-09-03T02:17:44Z,cs-ec021-cfaa2-server,NVIDIA A800-SXM4-80GB,0,0,4,fp32,2048,4096,4096,AllGather-GEMM,16,2097152,NCCL,B0_FULL_SERIAL,DEFAULT,20,28,PASS,1,0,0,328.09600234,328.09600234,384.959995747,388.480007648,4058.91180038,4062.43181229,/root/second_nvidia/ag-gemm-bench/results/stage1_20260903T015055Z/stage1_A_DEFAULT_S4_m512k4096n4096_q16w0_rep2/rank{rank}.log,0
global_max,stage1_A_DEFAULT_S4_m512k4096n4096_q16w0_rep2,2026-09-03T02:17:44Z,cs-ec021-cfaa2-server,NVIDIA A800-SXM4-80GB,0,0,4,fp32,2048,4096,4096,AllGather-GEMM,16,2097152,NCCL,B0_FULL_SERIAL,DEFAULT,20,29,PASS,1,0,0,545.952022076,545.952022076,602.623999119,606.144011021,4291.77618027,4295.29619217,/root/second_nvidia/ag-gemm-bench/results/stage1_20260903T015055Z/stage1_A_DEFAULT_S4_m512k4096n4096_q16w0_rep2/rank{rank}.log,0
global_max,stage1_A_DEFAULT_S4_m512k4096n4096_q16w0_rep2,2026-09-03T02:17:44Z,cs-ec021-cfaa2-server,NVIDIA A800-SXM4-80GB,0,0,4,fp32,2048,4096,4096,AllGather-GEMM,16,2097152,NCCL,B0_FULL_SERIAL,DEFAULT,20,30,PASS,1,0,0,422.623991966,422.623991966,479.232013226,482.784003019,4152.67181396,4156.19182587,/root/second_nvidia/ag-gemm-bench/results/stage1_20260903T015055Z/stage1_A_DEFAULT_S4_m512k4096n4096_q16w0_rep2/rank{rank}.log,0
global_max,stage1_A_DEFAULT_S4_m512k4096n4096_q16w0_rep2,2026-09-03T02:17:44Z,cs-ec021-cfaa2-server,NVIDIA A800-SXM4-80GB,0,0,4,fp32,2048,4096,4096,AllGather-GEMM,16,2097152,NCCL,B0_FULL_SERIAL,DEFAULT,20,31,PASS,1,0,0,363.29600215,363.29600215,419.679999352,423.200011253,4099.39193726,4102.84805298,/root/second_nvidia/ag-gemm-bench/results/stage1_20260903T015055Z/stage1_A_DEFAULT_S4_m512k4096n4096_q16w0_rep2/rank{rank}.log,0
global_max,stage1_A_DEFAULT_S4_m512k4096n4096_q16w0_rep2,2026-09-03T02:17:44Z,cs-ec021-cfaa2-server,NVIDIA A800-SXM4-80GB,0,0,4,fp32,2048,4096,4096,AllGather-GEMM,16,2097152,NCCL,B0_FULL_SERIAL,DEFAULT,20,32,PASS,1,0,0,389.535993338,389.535993338,446.144014597,449.663996696,4117.98381805,4121.75989151,/root/second_nvidia/ag-gemm-bench/results/stage1_20260903T015055Z/stage1_A_DEFAULT_S4_m512k4096n4096_q16w0_rep2/rank{rank}.log,0
global_max,stage1_A_DEFAULT_S4_m512k4096n4096_q16w0_rep2,2026-09-03T02:17:44Z,cs-ec021-cfaa2-server,NVIDIA A800-SXM4-80GB,0,0,4,fp32,2048,4096,4096,AllGather-GEMM,16,2097152,NCCL,B0_FULL_SERIAL,DEFAULT,20,33,PASS,1,0,0,484.8960042,484.8960042,541.535973549,545.055985451,4214.71977234,4218.23978424,/root/second_nvidia/ag-gemm-bench/results/stage1_20260903T015055Z/stage1_A_DEFAULT_S4_m512k4096n4096_q16w0_rep2/rank{rank}.log,0
global_max,stage1_A_DEFAULT_S4_m512k4096n4096_q16w0_rep2,2026-09-03T02:17:44Z,cs-ec021-cfaa2-server,NVIDIA A800-SXM4-80GB,0,0,4,fp32,2048,4096,4096,AllGather-GEMM,16,2097152,NCCL,B0_FULL_SERIAL,DEFAULT,20,34,PASS,1,0,0,515.904009342,515.904009342,573.05598259,576.608002186,4247.2319603,4250.7519722,/root/second_nvidia/ag-gemm-bench/results/stage1_20260903T015055Z/stage1_A_DEFAULT_S4_m512k4096n4096_q16w0_rep2/rank{rank}.log,0
global_max,stage1_A_DEFAULT_S4_m512k4096n4096_q16w0_rep2,2026-09-03T02:17:44Z,cs-ec021-cfaa2-server,NVIDIA A800-SXM4-80GB,0,0,4,fp32,2048,4096,4096,AllGather-GEMM,16,2097152,NCCL,B0_FULL_SERIAL,DEFAULT,20,35,PASS,1,0,0,421.472012997,421.472012997,484.095990658,488.000005484,5018.75209808,5022.68791199,/root/second_nvidia/ag-gemm-bench/results/stage1_20260903T015055Z/stage1_A_DEFAULT_S4_m512k4096n4096_q16w0_rep2/rank{rank}.log,0
global_max,stage1_A_DEFAULT_S4_m512k4096n4096_q16w0_rep2,2026-09-03T02:17:44Z,cs-ec021-cfaa2-server,NVIDIA A800-SXM4-80GB,0,0,4,fp32,2048,4096,4096,AllGather-GEMM,16,2097152,NCCL,B0_FULL_SERIAL,DEFAULT,20,36,PASS,1,0,0,498.367995024,498.367995024,561.11997366,565.056025982,5096.22383118,5100.19207001,/root/second_nvidia/ag-gemm-bench/results/stage1_20260903T015055Z/stage1_A_DEFAULT_S4_m512k4096n4096_q16w0_rep2/rank{rank}.log,0
global_max,stage1_A_DEFAULT_S4_m512k4096n4096_q16w0_rep2,2026-09-03T02:17:44Z,cs-ec021-cfaa2-server,NVIDIA A800-SXM4-80GB,0,0,4,fp32,2048,4096,4096,AllGather-GEMM,16,2097152,NCCL,B0_FULL_SERIAL,DEFAULT,20,37,PASS,1,0,0,417.504012585,417.504012585,480.352014303,484.255999327,5014.56022263,5018.49603653,/root/second_nvidia/ag-gemm-bench/results/stage1_20260903T015055Z/stage1_A_DEFAULT_S4_m512k4096n4096_q16w0_rep2/rank{rank}.log,0
global_max,stage1_A_DEFAULT_S4_m512k4096n4096_q16w0_rep2,2026-09-03T02:17:44Z,cs-ec021-cfaa2-server,NVIDIA A800-SXM4-80GB,0,0,4,fp32,2048,4096,4096,AllGather-GEMM,16,2097152,NCCL,B0_FULL_SERIAL,DEFAULT,20,38,PASS,1,0,0,516.607999802,516.607999802,579.295992851,583.231985569,5113.3441925,5117.28000641,/root/second_nvidia/ag-gemm-bench/results/stage1_20260903T015055Z/stage1_A_DEFAULT_S4_m512k4096n4096_q16w0_rep2/rank{rank}.log,0
global_max,stage1_A_DEFAULT_S4_m512k4096n4096_q16w0_rep2,2026-09-03T02:17:45Z,cs-ec021-cfaa2-server,NVIDIA A800-SXM4-80GB,0,0,4,fp32,2048,4096,4096,AllGather-GEMM,16,2097152,NCCL,B0_FULL_SERIAL,DEFAULT,20,39,PASS,1,0,0,417.760014534,417.760014534,480.60798645,484.447985888,5013.18407059,5017.11988449,/root/second_nvidia/ag-gemm-bench/results/stage1_20260903T015055Z/stage1_A_DEFAULT_S4_m512k4096n4096_q16w0_rep2/rank{rank}.log,0
global_max,stage1_A_DEFAULT_S4_m512k4096n4096_q16w0_rep2,2026-09-03T02:17:45Z,cs-ec021-cfaa2-server,NVIDIA A800-SXM4-80GB,0,0,4,fp32,2048,4096,4096,AllGather-GEMM,16,2097152,NCCL,B0_FULL_SERIAL,DEFAULT,20,40,PASS,1,0,0,419.200003147,419.200003147,481.983989477,485.920011997,5013.85593414,5017.75979996,/root/second_nvidia/ag-gemm-bench/results/stage1_20260903T015055Z/stage1_A_DEFAULT_S4_m512k4096n4096_q16w0_rep2/rank{rank}.log,0
global_max,stage1_A_DEFAULT_S4_m512k4096n4096_q16w0_rep2,2026-09-03T02:17:45Z,cs-ec021-cfaa2-server,NVIDIA A800-SXM4-80GB,0,0,4,fp32,2048,4096,4096,AllGather-GEMM,16,2097152,NCCL,B0_FULL_SERIAL,DEFAULT,20,41,PASS,1,0,0,418.783992529,418.783992529,481.599986553,485.504001379,5015.77615738,5019.71197128,/root/second_nvidia/ag-gemm-bench/results/stage1_20260903T015055Z/stage1_A_DEFAULT_S4_m512k4096n4096_q16w0_rep2/rank{rank}.log,0
global_max,stage1_A_DEFAULT_S4_m512k4096n4096_q16w0_rep2,2026-09-03T02:17:45Z,cs-ec021-cfaa2-server,NVIDIA A800-SXM4-80GB,0,0,4,fp32,2048,4096,4096,AllGather-GEMM,16,2097152,NCCL,B0_FULL_SERIAL,DEFAULT,20,42,PASS,1,0,0,407.45601058,407.45601058,470.304012299,474.240005016,5004.19187546,5008.1281662,/root/second_nvidia/ag-gemm-bench/results/stage1_20260903T015055Z/stage1_A_DEFAULT_S4_m512k4096n4096_q16w0_rep2/rank{rank}.log,0
global_max,stage1_A_DEFAULT_S4_m512k4096n4096_q16w0_rep2,2026-09-03T02:17:45Z,cs-ec021-cfaa2-server,NVIDIA A800-SXM4-80GB,0,0,4,fp32,2048,4096,4096,AllGather-GEMM,16,2097152,NCCL,B0_FULL_SERIAL,DEFAULT,20,43,PASS,1,0,0,414.016008377,414.016008377,476.864010096,480.800002813,5008.73613358,5012.67194748,/root/second_nvidia/ag-gemm-bench/results/stage1_20260903T015055Z/stage1_A_DEFAULT_S4_m512k4096n4096_q16w0_rep2/rank{rank}.log,0
global_max,stage1_A_DEFAULT_S4_m512k4096n4096_q16w0_rep2,2026-09-03T02:17:45Z,cs-ec021-cfaa2-server,NVIDIA A800-SXM4-80GB,0,0,4,fp32,2048,4096,4096,AllGather-GEMM,16,2097152,NCCL,B0_FULL_SERIAL,DEFAULT,20,44,PASS,1,0,0,434.783995152,434.783995152,497.63199687,501.56801939,5031.26382828,5035.16817093,/root/second_nvidia/ag-gemm-bench/results/stage1_20260903T015055Z/stage1_A_DEFAULT_S4_m512k4096n4096_q16w0_rep2/rank{rank}.log,0
global_max,stage1_A_DEFAULT_S4_m512k4096n4096_q16w0_rep2,2026-09-03T02:17:45Z,cs-ec021-cfaa2-server,NVIDIA A800-SXM4-80GB,0,0,4,fp32,2048,4096,4096,AllGather-GEMM,16,2097152,NCCL,B0_FULL_SERIAL,DEFAULT,20,45,PASS,1,0,0,514.591991901,514.591991901,577.279984951,581.215977669,5111.328125,5115.29588699,/root/second_nvidia/ag-gemm-bench/results/stage1_20260903T015055Z/stage1_A_DEFAULT_S4_m512k4096n4096_q16w0_rep2/rank{rank}.log,0
global_max,stage1_A_DEFAULT_S4_m512k4096n4096_q16w0_rep2,2026-09-03T02:17:45Z,cs-ec021-cfaa2-server,NVIDIA A800-SXM4-80GB,0,0,4,fp32,2048,4096,4096,AllGather-GEMM,16,2097152,NCCL,B0_FULL_SERIAL,DEFAULT,20,46,PASS,1,0,0,403.616011143,403.616011143,466.688007116,470.623999834,4999.584198,5003.64780426,/root/second_nvidia/ag-gemm-bench/results/stage1_20260903T015055Z/stage1_A_DEFAULT_S4_m512k4096n4096_q16w0_rep2/rank{rank}.log,0
global_max,stage1_A_DEFAULT_S4_m512k4096n4096_q16w0_rep2,2026-09-03T02:17:45Z,cs-ec021-cfaa2-server,NVIDIA A800-SXM4-80GB,0,0,4,fp32,2048,4096,4096,AllGather-GEMM,16,2097152,NCCL,B0_FULL_SERIAL,DEFAULT,20,47,PASS,1,0,0,412.54401207,412.54401207,475.584000349,479.552000761,5009.53578949,5013.47208023,/root/second_nvidia/ag-gemm-bench/results/stage1_20260903T015055Z/stage1_A_DEFAULT_S4_m512k4096n4096_q16w0_rep2/rank{rank}.log,0
global_max,stage1_A_DEFAULT_S4_m512k4096n4096_q16w0_rep2,2026-09-03T02:17:45Z,cs-ec021-cfaa2-server,NVIDIA A800-SXM4-80GB,0,0,4,fp32,2048,4096,4096,AllGather-GEMM,16,2097152,NCCL,B0_FULL_SERIAL,DEFAULT,20,48,PASS,1,0,0,449.344009161,449.344009161,512.095987797,515.99997282,5044.67201233,5048.57587814,/root/second_nvidia/ag-gemm-bench/results/stage1_20260903T015055Z/stage1_A_DEFAULT_S4_m512k4096n4096_q16w0_rep2/rank{rank}.log,0
global_max,stage1_A_DEFAULT_S4_m512k4096n4096_q16w0_rep2,2026-09-03T02:17:45Z,cs-ec021-cfaa2-server,NVIDIA A800-SXM4-80GB,0,0,4,fp32,2048,4096,4096,AllGather-GEMM,16,2097152,NCCL,B0_FULL_SERIAL,DEFAULT,20,49,PASS,1,0,0,422.975987196,422.975987196,485.823988914,489.760011435,5018.84794235,5022.78423309,/root/second_nvidia/ag-gemm-bench/results/stage1_20260903T015055Z/stage1_A_DEFAULT_S4_m512k4096n4096_q16w0_rep2/rank{rank}.log,0
global_max,stage1_A_DEFAULT_S4_m512k4096n4096_q16w0_rep2,2026-09-03T02:17:45Z,cs-ec021-cfaa2-server,NVIDIA A800-SXM4-80GB,0,0,4,fp32,2048,4096,4096,AllGather-GEMM,16,2097152,NCCL,B1_SLICE_SERIAL,DEFAULT,20,0,PASS,1,0,0,138.080000877,5849.44009781,5853.34396362,142.368003726,6185.56785583,6189.50414658,/root/second_nvidia/ag-gemm-bench/results/stage1_20260903T015055Z/stage1_A_DEFAULT_S4_m512k4096n4096_q16w0_rep2/rank{rank}.log,0
global_max,stage1_A_DEFAULT_S4_m512k4096n4096_q16w0_rep2,2026-09-03T02:17:45Z,cs-ec021-cfaa2-server,NVIDIA A800-SXM4-80GB,0,0,4,fp32,2048,4096,4096,AllGather-GEMM,16,2097152,NCCL,B1_SLICE_SERIAL,DEFAULT,20,1,PASS,1,0,0,211.648002267,5966.55988693,5970.49617767,216.095998883,6301.1841774,6305.1199913,/root/second_nvidia/ag-gemm-bench/results/stage1_20260903T015055Z/stage1_A_DEFAULT_S4_m512k4096n4096_q16w0_rep2/rank{rank}.log,0
global_max,stage1_A_DEFAULT_S4_m512k4096n4096_q16w0_rep2,2026-09-03T02:17:45Z,cs-ec021-cfaa2-server,NVIDIA A800-SXM4-80GB,0,0,4,fp32,2048,4096,4096,AllGather-GEMM,16,2097152,NCCL,B1_SLICE_SERIAL,DEFAULT,20,2,PASS,1,0,0,350.65600276,6082.62395859,6086.5278244,354.943990707,6415.04001617,6418.97583008,/root/second_nvidia/ag-gemm-bench/results/stage1_20260903T015055Z/stage1_A_DEFAULT_S4_m512k4096n4096_q16w0_rep2/rank{rank}.log,0
global_max,stage1_A_DEFAULT_S4_m512k4096n4096_q16w0_rep2,2026-09-03T02:17:45Z,cs-ec021-cfaa2-server,NVIDIA A800-SXM4-80GB,0,0,4,fp32,2048,4096,4096,AllGather-GEMM,16,2097152,NCCL,B1_SLICE_SERIAL,DEFAULT,20,3,PASS,1,0,0,356.799989939,6083.68015289,6087.58401871,361.055999994,6418.39981079,6422.33610153,/root/second_nvidia/ag-gemm-bench/results/stage1_20260903T015055Z/stage1_A_DEFAULT_S4_m512k4096n4096_q16w0_rep2/rank{rank}.log,0
global_max,stage1_A_DEFAULT_S4_m512k4096n4096_q16w0_rep2,2026-09-03T02:17:45Z,cs-ec021-cfaa2-server,NVIDIA A800-SXM4-80GB,0,0,4,fp32,2048,4096,4096,AllGather-GEMM,16,2097152,NCCL,B1_SLICE_SERIAL,DEFAULT,20,4,PASS,1,0,0,252.191990614,6001.40810013,6005.34391403,256.480008364,6334.11216736,6338.17577362,/root/second_nvidia/ag-gemm-bench/results/stage1_20260903T015055Z/stage1_A_DEFAULT_S4_m512k4096n4096_q16w0_rep2/rank{rank}.log,0
global_max,stage1_A_DEFAULT_S4_m512k4096n4096_q16w0_rep2,2026-09-03T02:17:45Z,cs-ec021-cfaa2-server,NVIDIA A800-SXM4-80GB,0,0,4,fp32,2048,4096,4096,AllGather-GEMM,16,2097152,NCCL,B1_SLICE_SERIAL,DEFAULT,20,5,PASS,1,0,0,200.223997235,5957.05604553,5960.95991135,204.512000084,6290.01617432,6293.95198822,/root/second_nvidia/ag-gemm-bench/results/stage1_20260903T015055Z/stage1_A_DEFAULT_S4_m512k4096n4096_q16w0_rep2/rank{rank}.log,0
global_max,stage1_A_DEFAULT_S4_m512k4096n4096_q16w0_rep2,2026-09-03T02:17:45Z,cs-ec021-cfaa2-server,NVIDIA A800-SXM4-80GB,0,0,4,fp32,2048,4096,4096,AllGather-GEMM,16,2097152,NCCL,B1_SLICE_SERIAL,DEFAULT,20,6,PASS,1,0,0,253.152012825,5989.75992203,5993.72816086,257.535994053,6324.22399521,6328.12786102,/root/second_nvidia/ag-gemm-bench/results/stage1_20260903T015055Z/stage1_A_DEFAULT_S4_m512k4096n4096_q16w0_rep2/rank{rank}.log,0
global_max,stage1_A_DEFAULT_S4_m512k4096n4096_q16w0_rep2,2026-09-03T02:17:45Z,cs-ec021-cfaa2-server,NVIDIA A800-SXM4-80GB,0,0,4,fp32,2048,4096,4096,AllGather-GEMM,16,2097152,NCCL,B1_SLICE_SERIAL,DEFAULT,20,7,PASS,1,0,0,223.296001554,5970.65591812,5974.55978394,227.520003915,6304.03184891,6307.93619156,/root/second_nvidia/ag-gemm-bench/results/stage1_20260903T015055Z/stage1_A_DEFAULT_S4_m512k4096n4096_q16w0_rep2/rank{rank}.log,0
global_max,stage1_A_DEFAULT_S4_m512k4096n4096_q16w0_rep2,2026-09-03T02:17:46Z,cs-ec021-cfaa2-server,NVIDIA A800-SXM4-80GB,0,0,4,fp32,2048,4096,4096,AllGather-GEMM,16,2097152,NCCL,B1_SLICE_SERIAL,DEFAULT,20,8,PASS,1,0,0,197.824001312,5959.42401886,5963.32788467,202.048003674,6293.0560112,6296.89598083,/root/second_nvidia/ag-gemm-bench/results/stage1_20260903T015055Z/stage1_A_DEFAULT_S4_m512k4096n4096_q16w0_rep2/rank{rank}.log,0
global_max,stage1_A_DEFAULT_S4_m512k4096n4096_q16w0_rep2,2026-09-03T02:17:46Z,cs-ec021-cfaa2-server,NVIDIA A800-SXM4-80GB,0,0,4,fp32,2048,4096,4096,AllGather-GEMM,16,2097152,NCCL,B1_SLICE_SERIAL,DEFAULT,20,9,PASS,1,0,0,202.656000853,5983.4561348,5987.36000061,206.911996007,6317.24786758,6321.15221024,/root/second_nvidia/ag-gemm-bench/results/stage1_20260903T015055Z/stage1_A_DEFAULT_S4_m512k4096n4096_q16w0_rep2/rank{rank}.log,0
global_max,stage1_A_DEFAULT_S4_m512k4096n4096_q16w0_rep2,2026-09-03T02:17:46Z,cs-ec021-cfaa2-server,NVIDIA A800-SXM4-80GB,0,0,4,fp32,2048,4096,4096,AllGather-GEMM,16,2097152,NCCL,B1_SLICE_SERIAL,DEFAULT,20,10,PASS,1,0,0,188.06399405,5907.68003464,5911.61584854,192.320004106,6238.97600174,6242.91181564,/root/second_nvidia/ag-gemm-bench/results/stage1_20260903T015055Z/stage1_A_DEFAULT_S4_m512k4096n4096_q16w0_rep2/rank{rank}.log,0
global_max,stage1_A_DEFAULT_S4_m512k4096n4096_q16w0_rep2,2026-09-03T02:17:46Z,cs-ec021-cfaa2-server,NVIDIA A800-SXM4-80GB,0,0,4,fp32,2048,4096,4096,AllGather-GEMM,16,2097152,NCCL,B1_SLICE_SERIAL,DEFAULT,20,11,PASS,1,0,0,322.463989258,6059.61608887,6063.64822388,326.719999313,6393.2800293,6397.2158432,/root/second_nvidia/ag-gemm-bench/results/stage1_20260903T015055Z/stage1_A_DEFAULT_S4_m512k4096n4096_q16w0_rep2/rank{rank}.log,0
global_max,stage1_A_DEFAULT_S4_m512k4096n4096_q16w0_rep2,2026-09-03T02:17:46Z,cs-ec021-cfaa2-server,NVIDIA A800-SXM4-80GB,0,0,4,fp32,2048,4096,4096,AllGather-GEMM,16,2097152,NCCL,B1_SLICE_SERIAL,DEFAULT,20,12,PASS,1,0,0,233.952000737,5977.43988037,5981.34422302,238.335996866,6310.62412262,6314.46409225,/root/second_nvidia/ag-gemm-bench/results/stage1_20260903T015055Z/stage1_A_DEFAULT_S4_m512k4096n4096_q16w0_rep2/rank{rank}.log,0
global_max,stage1_A_DEFAULT_S4_m512k4096n4096_q16w0_rep2,2026-09-03T02:17:46Z,cs-ec021-cfaa2-server,NVIDIA A800-SXM4-80GB,0,0,4,fp32,2048,4096,4096,AllGather-GEMM,16,2097152,NCCL,B1_SLICE_SERIAL,DEFAULT,20,13,PASS,1,0,0,199.167996645,5944.6721077,5948.57597351,203.455999494,6278.11193466,6282.0482254,/root/second_nvidia/ag-gemm-bench/results/stage1_20260903T015055Z/stage1_A_DEFAULT_S4_m512k4096n4096_q16w0_rep2/rank{rank}.log,0
global_max,stage1_A_DEFAULT_S4_m512k4096n4096_q16w0_rep2,2026-09-03T02:17:46Z,cs-ec021-cfaa2-server,NVIDIA A800-SXM4-80GB,0,0,4,fp32,2048,4096,4096,AllGather-GEMM,16,2097152,NCCL,B1_SLICE_SERIAL,DEFAULT,20,14,PASS,1,0,0,390.68800211,6148.86379242,6152.76813507,395.16800642,6483.35981369,6487.32805252,/root/second_nvidia/ag-gemm-bench/results/stage1_20260903T015055Z/stage1_A_DEFAULT_S4_m512k4096n4096_q16w0_rep2/rank{rank}.log,0
global_max,stage1_A_DEFAULT_S4_m512k4096n4096_q16w0_rep2,2026-09-03T02:17:46Z,cs-ec021-cfaa2-server,NVIDIA A800-SXM4-80GB,0,0,4,fp32,2048,4096,4096,AllGather-GEMM,16,2097152,NCCL,B1_SLICE_SERIAL,DEFAULT,20,15,PASS,1,0,0,199.264004827,5949.31221008,5953.18412781,203.551992774,6281.43978119,6285.34412384,/root/second_nvidia/ag-gemm-bench/results/stage1_20260903T015055Z/stage1_A_DEFAULT_S4_m512k4096n4096_q16w0_rep2/rank{rank}.log,0
global_max,stage1_A_DEFAULT_S4_m512k4096n4096_q16w0_rep2,2026-09-03T02:17:46Z,cs-ec021-cfaa2-server,NVIDIA A800-SXM4-80GB,0,0,4,fp32,2048,4096,4096,AllGather-GEMM,16,2097152,NCCL,B1_SLICE_SERIAL,DEFAULT,20,16,PASS,1,0,0,311.776012182,6076.03216171,6079.93602753,316.383987665,6409.18397903,6413.08784485,/root/second_nvidia/ag-gemm-bench/results/stage1_20260903T015055Z/stage1_A_DEFAULT_S4_m512k4096n4096_q16w0_rep2/rank{rank}.log,0
global_max,stage1_A_DEFAULT_S4_m512k4096n4096_q16w0_rep2,2026-09-03T02:17:46Z,cs-ec021-cfaa2-server,NVIDIA A800-SXM4-80GB,0,0,4,fp32,2048,4096,4096,AllGather-GEMM,16,2097152,NCCL,B1_SLICE_SERIAL,DEFAULT,20,17,PASS,1,0,0,247.807994485,5971.58384323,5975.61597824,252.351999283,6305.95207214,6309.88788605,/root/second_nvidia/ag-gemm-bench/results/stage1_20260903T015055Z/stage1_A_DEFAULT_S4_m512k4096n4096_q16w0_rep2/rank{rank}.log,0
global_max,stage1_A_DEFAULT_S4_m512k4096n4096_q16w0_rep2,2026-09-03T02:17:46Z,cs-ec021-cfaa2-server,NVIDIA A800-SXM4-80GB,0,0,4,fp32,2048,4096,4096,AllGather-GEMM,16,2097152,NCCL,B1_SLICE_SERIAL,DEFAULT,20,18,PASS,1,0,0,184.735998511,5928.38382721,5932.28816986,189.088001847,6261.98387146,6266.14379883,/root/second_nvidia/ag-gemm-bench/results/stage1_20260903T015055Z/stage1_A_DEFAULT_S4_m512k4096n4096_q16w0_rep2/rank{rank}.log,0
global_max,stage1_A_DEFAULT_S4_m512k4096n4096_q16w0_rep2,2026-09-03T02:17:46Z,cs-ec021-cfaa2-server,NVIDIA A800-SXM4-80GB,0,0,4,fp32,2048,4096,4096,AllGather-GEMM,16,2097152,NCCL,B1_SLICE_SERIAL,DEFAULT,20,19,PASS,1,0,0,196.768000722,5943.00794601,5946.97618484,201.120004058,6278.11193466,6282.0482254,/root/second_nvidia/ag-gemm-bench/results/stage1_20260903T015055Z/stage1_A_DEFAULT_S4_m512k4096n4096_q16w0_rep2/rank{rank}.log,0
global_max,stage1_A_DEFAULT_S4_m512k4096n4096_q16w0_rep2,2026-09-03T02:17:46Z,cs-ec021-cfaa2-server,NVIDIA A800-SXM4-80GB,0,0,4,fp32,2048,4096,4096,AllGather-GEMM,16,2097152,NCCL,B1_SLICE_SERIAL,DEFAULT,20,20,PASS,1,0,0,201.376006007,5949.88822937,5953.98378372,205.791994929,6282.40013123,6286.30399704,/root/second_nvidia/ag-gemm-bench/results/stage1_20260903T015055Z/stage1_A_DEFAULT_S4_m512k4096n4096_q16w0_rep2/rank{rank}.log,0
global_max,stage1_A_DEFAULT_S4_m512k4096n4096_q16w0_rep2,2026-09-03T02:17:46Z,cs-ec021-cfaa2-server,NVIDIA A800-SXM4-80GB,0,0,4,fp32,2048,4096,4096,AllGather-GEMM,16,2097152,NCCL,B1_SLICE_SERIAL,DEFAULT,20,21,PASS,1,0,0,243.744000793,5995.55206299,5999.4559288,247.968003154,6329.82397079,6333.66394043,/root/second_nvidia/ag-gemm-bench/results/stage1_20260903T015055Z/stage1_A_DEFAULT_S4_m512k4096n4096_q16w0_rep2/rank{rank}.log,0
global_max,stage1_A_DEFAULT_S4_m512k4096n4096_q16w0_rep2,2026-09-03T02:17:46Z,cs-ec021-cfaa2-server,NVIDIA A800-SXM4-80GB,0,0,4,fp32,2048,4096,4096,AllGather-GEMM,16,2097152,NCCL,B1_SLICE_SERIAL,DEFAULT,20,22,PASS,1,0,0,218.815997243,5953.95183563,5957.88812637,223.232001066,6286.88001633,6290.78388214,/root/second_nvidia/ag-gemm-bench/results/stage1_20260903T015055Z/stage1_A_DEFAULT_S4_m512k4096n4096_q16w0_rep2/rank{rank}.log,0
global_max,stage1_A_DEFAULT_S4_m512k4096n4096_q16w0_rep2,2026-09-03T02:17:46Z,cs-ec021-cfaa2-server,NVIDIA A800-SXM4-80GB,0,0,4,fp32,2048,4096,4096,AllGather-GEMM,16,2097152,NCCL,B1_SLICE_SERIAL,DEFAULT,20,23,PASS,1,0,0,203.807994723,5941.76006317,5945.69587708,208.256006241,6275.90417862,6279.80804443,/root/second_nvidia/ag-gemm-bench/results/stage1_20260903T015055Z/stage1_A_DEFAULT_S4_m512k4096n4096_q16w0_rep2/rank{rank}.log,0
global_max,stage1_A_DEFAULT_S4_m512k4096n4096_q16w0_rep2,2026-09-03T02:17:46Z,cs-ec021-cfaa2-server,NVIDIA A800-SXM4-80GB,0,0,4,fp32,2048,4096,4096,AllGather-GEMM,16,2097152,NCCL,B1_SLICE_SERIAL,DEFAULT,20,24,PASS,1,0,0,219.968006015,5958.04786682,5961.95220947,224.383994937,6290.75193405,6294.65579987,/root/second_nvidia/ag-gemm-bench/results/stage1_20260903T015055Z/stage1_A_DEFAULT_S4_m512k4096n4096_q16w0_rep2/rank{rank}.log,0
global_max,stage1_A_DEFAULT_S4_m512k4096n4096_q16w0_rep2,2026-09-03T02:17:46Z,cs-ec021-cfaa2-server,NVIDIA A800-SXM4-80GB,0,0,4,fp32,2048,4096,4096,AllGather-GEMM,16,2097152,NCCL,B1_SLICE_SERIAL,DEFAULT,20,25,PASS,1,0,0,198.880001903,5928.44820023,5932.38401413,203.296005726,6262.68815994,6266.56007767,/root/second_nvidia/ag-gemm-bench/results/stage1_20260903T015055Z/stage1_A_DEFAULT_S4_m512k4096n4096_q16w0_rep2/rank{rank}.log,0
global_max,stage1_A_DEFAULT_S4_m512k4096n4096_q16w0_rep2,2026-09-03T02:17:46Z,cs-ec021-cfaa2-server,NVIDIA A800-SXM4-80GB,0,0,4,fp32,2048,4096,4096,AllGather-GEMM,16,2097152,NCCL,B1_SLICE_SERIAL,DEFAULT,20,26,PASS,1,0,0,215.167999268,5974.30419922,5978.24001312,219.456002116,6307.45601654,6311.35988235,/root/second_nvidia/ag-gemm-bench/results/stage1_20260903T015055Z/stage1_A_DEFAULT_S4_m512k4096n4096_q16w0_rep2/rank{rank}.log,0
global_max,stage1_A_DEFAULT_S4_m512k4096n4096_q16w0_rep2,2026-09-03T02:17:47Z,cs-ec021-cfaa2-server,NVIDIA A800-SXM4-80GB,0,0,4,fp32,2048,4096,4096,AllGather-GEMM,16,2097152,NCCL,B1_SLICE_SERIAL,DEFAULT,20,27,PASS,1,0,0,188.383996487,5925.34399033,5929.27980423,193.184003234,6260.2558136,6264.19210434,/root/second_nvidia/ag-gemm-bench/results/stage1_20260903T015055Z/stage1_A_DEFAULT_S4_m512k4096n4096_q16w0_rep2/rank{rank}.log,0
global_max,stage1_A_DEFAULT_S4_m512k4096n4096_q16w0_rep2,2026-09-03T02:17:47Z,cs-ec021-cfaa2-server,NVIDIA A800-SXM4-80GB,0,0,4,fp32,2048,4096,4096,AllGather-GEMM,16,2097152,NCCL,B1_SLICE_SERIAL,DEFAULT,20,28,PASS,1,0,0,244.415998459,5980.63993454,5984.57622528,249.024003744,6314.94379044,6318.91202927,/root/second_nvidia/ag-gemm-bench/results/stage1_20260903T015055Z/stage1_A_DEFAULT_S4_m512k4096n4096_q16w0_rep2/rank{rank}.log,0
global_max,stage1_A_DEFAULT_S4_m512k4096n4096_q16w0_rep2,2026-09-03T02:17:47Z,cs-ec021-cfaa2-server,NVIDIA A800-SXM4-80GB,0,0,4,fp32,2048,4096,4096,AllGather-GEMM,16,2097152,NCCL,B1_SLICE_SERIAL,DEFAULT,20,29,PASS,1,0,0,193.727999926,5925.75979233,5929.66413498,198.016002774,6259.20009613,6263.10396194,/root/second_nvidia/ag-gemm-bench/results/stage1_20260903T015055Z/stage1_A_DEFAULT_S4_m512k4096n4096_q16w0_rep2/rank{rank}.log,0
global_max,stage1_A_DEFAULT_S4_m512k4096n4096_q16w0_rep2,2026-09-03T02:17:47Z,cs-ec021-cfaa2-server,NVIDIA A800-SXM4-80GB,0,0,4,fp32,2048,4096,4096,AllGather-GEMM,16,2097152,NCCL,B1_SLICE_SERIAL,DEFAULT,20,30,PASS,1,0,0,176.512002945,5928.76815796,5932.67202377,180.736005306,6261.53612137,6265.43998718,/root/second_nvidia/ag-gemm-bench/results/stage1_20260903T015055Z/stage1_A_DEFAULT_S4_m512k4096n4096_q16w0_rep2/rank{rank}.log,0
global_max,stage1_A_DEFAULT_S4_m512k4096n4096_q16w0_rep2,2026-09-03T02:17:47Z,cs-ec021-cfaa2-server,NVIDIA A800-SXM4-80GB,0,0,4,fp32,2048,4096,4096,AllGather-GEMM,16,2097152,NCCL,B1_SLICE_SERIAL,DEFAULT,20,31,PASS,1,0,0,192.095994949,5954.55980301,5958.46414566,196.735993028,6288.0320549,6291.87202454,/root/second_nvidia/ag-gemm-bench/results/stage1_20260903T015055Z/stage1_A_DEFAULT_S4_m512k4096n4096_q16w0_rep2/rank{rank}.log,0
global_max,stage1_A_DEFAULT_S4_m512k4096n4096_q16w0_rep2,2026-09-03T02:17:47Z,cs-ec021-cfaa2-server,NVIDIA A800-SXM4-80GB,0,0,4,fp32,2048,4096,4096,AllGather-GEMM,16,2097152,NCCL,B1_SLICE_SERIAL,DEFAULT,20,32,PASS,1,0,0,203.007996082,5968.09577942,5972.00012207,207.519993186,6302.36816406,6306.27202988,/root/second_nvidia/ag-gemm-bench/results/stage1_20260903T015055Z/stage1_A_DEFAULT_S4_m512k4096n4096_q16w0_rep2/rank{rank}.log,0
global_max,stage1_A_DEFAULT_S4_m512k4096n4096_q16w0_rep2,2026-09-03T02:17:47Z,cs-ec021-cfaa2-server,NVIDIA A800-SXM4-80GB,0,0,4,fp32,2048,4096,4096,AllGather-GEMM,16,2097152,NCCL,B1_SLICE_SERIAL,DEFAULT,20,33,PASS,1,0,0,190.208002925,5959.48791504,5963.39178085,194.399997592,6293.11990738,6296.92792892,/root/second_nvidia/ag-gemm-bench/results/stage1_20260903T015055Z/stage1_A_DEFAULT_S4_m512k4096n4096_q16w0_rep2/rank{rank}.log,0
global_max,stage1_A_DEFAULT_S4_m512k4096n4096_q16w0_rep2,2026-09-03T02:17:47Z,cs-ec021-cfaa2-server,NVIDIA A800-SXM4-80GB,0,0,4,fp32,2048,4096,4096,AllGather-GEMM,16,2097152,NCCL,B1_SLICE_SERIAL,DEFAULT,20,34,PASS,1,0,0,181.280001998,5916.73612595,5920.80020905,185.727998614,6250.23984909,6254.11176682,/root/second_nvidia/ag-gemm-bench/results/stage1_20260903T015055Z/stage1_A_DEFAULT_S4_m512k4096n4096_q16w0_rep2/rank{rank}.log,0
global_max,stage1_A_DEFAULT_S4_m512k4096n4096_q16w0_rep2,2026-09-03T02:17:47Z,cs-ec021-cfaa2-server,NVIDIA A800-SXM4-80GB,0,0,4,fp32,2048,4096,4096,AllGather-GEMM,16,2097152,NCCL,B1_SLICE_SERIAL,DEFAULT,20,35,PASS,1,0,0,184.19200182,5934.27181244,5938.17615509,188.736006618,6266.97587967,6270.88022232,/root/second_nvidia/ag-gemm-bench/results/stage1_20260903T015055Z/stage1_A_DEFAULT_S4_m512k4096n4096_q16w0_rep2/rank{rank}.log,0
global_max,stage1_A_DEFAULT_S4_m512k4096n4096_q16w0_rep2,2026-09-03T02:17:47Z,cs-ec021-cfaa2-server,NVIDIA A800-SXM4-80GB,0,0,4,fp32,2048,4096,4096,AllGather-GEMM,16,2097152,NCCL,B1_SLICE_SERIAL,DEFAULT,20,36,PASS,1,0,0,197.344005108,5950.59204102,5954.46395874,201.856002212,6283.45584869,6287.42408752,/root/second_nvidia/ag-gemm-bench/results/stage1_20260903T015055Z/stage1_A_DEFAULT_S4_m512k4096n4096_q16w0_rep2/rank{rank}.log,0
global_max,stage1_A_DEFAULT_S4_m512k4096n4096_q16w0_rep2,2026-09-03T02:17:47Z,cs-ec021-cfaa2-server,NVIDIA A800-SXM4-80GB,0,0,4,fp32,2048,4096,4096,AllGather-GEMM,16,2097152,NCCL,B1_SLICE_SERIAL,DEFAULT,20,37,PASS,1,0,0,185.855999589,5937.47186661,5941.34378433,190.303996205,6271.77619934,6275.68006516,/root/second_nvidia/ag-gemm-bench/results/stage1_20260903T015055Z/stage1_A_DEFAULT_S4_m512k4096n4096_q16w0_rep2/rank{rank}.log,0
global_max,stage1_A_DEFAULT_S4_m512k4096n4096_q16w0_rep2,2026-09-03T02:17:47Z,cs-ec021-cfaa2-server,NVIDIA A800-SXM4-80GB,0,0,4,fp32,2048,4096,4096,AllGather-GEMM,16,2097152,NCCL,B1_SLICE_SERIAL,DEFAULT,20,38,PASS,1,0,0,227.295994759,5996.09613419,6000.03194809,231.51999712,6330.14392853,6334.27190781,/root/second_nvidia/ag-gemm-bench/results/stage1_20260903T015055Z/stage1_A_DEFAULT_S4_m512k4096n4096_q16w0_rep2/rank{rank}.log,0
global_max,stage1_A_DEFAULT_S4_m512k4096n4096_q16w0_rep2,2026-09-03T02:17:47Z,cs-ec021-cfaa2-server,NVIDIA A800-SXM4-80GB,0,0,4,fp32,2048,4096,4096,AllGather-GEMM,16,2097152,NCCL,B1_SLICE_SERIAL,DEFAULT,20,39,PASS,1,0,0,198.336005211,5924.96013641,5928.89595032,202.81599462,6258.68797302,6262.65621185,/root/second_nvidia/ag-gemm-bench/results/stage1_20260903T015055Z/stage1_A_DEFAULT_S4_m512k4096n4096_q16w0_rep2/rank{rank}.log,0
global_max,stage1_A_DEFAULT_S4_m512k4096n4096_q16w0_rep2,2026-09-03T02:17:47Z,cs-ec021-cfaa2-server,NVIDIA A800-SXM4-80GB,0,0,4,fp32,2048,4096,4096,AllGather-GEMM,16,2097152,NCCL,B1_SLICE_SERIAL,DEFAULT,20,40,PASS,1,0,0,200.384005904,5941.34378433,5945.24812698,205.280005932,6273.66399765,6277.56786346,/root/second_nvidia/ag-gemm-bench/results/stage1_20260903T015055Z/stage1_A_DEFAULT_S4_m512k4096n4096_q16w0_rep2/rank{rank}.log,0
global_max,stage1_A_DEFAULT_S4_m512k4096n4096_q16w0_rep2,2026-09-03T02:17:47Z,cs-ec021-cfaa2-server,NVIDIA A800-SXM4-80GB,0,0,4,fp32,2048,4096,4096,AllGather-GEMM,16,2097152,NCCL,B1_SLICE_SERIAL,DEFAULT,20,41,PASS,1,0,0,191.328004003,5942.20781326,5946.144104,195.871993899,6276.54409409,6280.4479599,/root/second_nvidia/ag-gemm-bench/results/stage1_20260903T015055Z/stage1_A_DEFAULT_S4_m512k4096n4096_q16w0_rep2/rank{rank}.log,0
global_max,stage1_A_DEFAULT_S4_m512k4096n4096_q16w0_rep2,2026-09-03T02:17:47Z,cs-ec021-cfaa2-server,NVIDIA A800-SXM4-80GB,0,0,4,fp32,2048,4096,4096,AllGather-GEMM,16,2097152,NCCL,B1_SLICE_SERIAL,DEFAULT,20,42,PASS,1,0,0,149.34399724,5882.04813004,5885.98394394,153.791993856,6213.63210678,6217.5359726,/root/second_nvidia/ag-gemm-bench/results/stage1_20260903T015055Z/stage1_A_DEFAULT_S4_m512k4096n4096_q16w0_rep2/rank{rank}.log,0
global_max,stage1_A_DEFAULT_S4_m512k4096n4096_q16w0_rep2,2026-09-03T02:17:47Z,cs-ec021-cfaa2-server,NVIDIA A800-SXM4-80GB,0,0,4,fp32,2048,4096,4096,AllGather-GEMM,16,2097152,NCCL,B1_SLICE_SERIAL,DEFAULT,20,43,PASS,1,0,0,278.591990471,6027.2321701,6031.16798401,283.039987087,6361.47212982,6365.40794373,/root/second_nvidia/ag-gemm-bench/results/stage1_20260903T015055Z/stage1_A_DEFAULT_S4_m512k4096n4096_q16w0_rep2/rank{rank}.log,0
global_max,stage1_A_DEFAULT_S4_m512k4096n4096_q16w0_rep2,2026-09-03T02:17:47Z,cs-ec021-cfaa2-server,NVIDIA A800-SXM4-80GB,0,0,4,fp32,2048,4096,4096,AllGather-GEMM,16,2097152,NCCL,B1_SLICE_SERIAL,DEFAULT,20,44,PASS,1,0,0,189.983993769,5936.83195114,5940.73581696,194.399997592,6269.95182037,6273.85616302,/root/second_nvidia/ag-gemm-bench/results/stage1_20260903T015055Z/stage1_A_DEFAULT_S4_m512k4096n4096_q16w0_rep2/rank{rank}.log,0
global_max,stage1_A_DEFAULT_S4_m512k4096n4096_q16w0_rep2,2026-09-03T02:17:47Z,cs-ec021-cfaa2-server,NVIDIA A800-SXM4-80GB,0,0,4,fp32,2048,4096,4096,AllGather-GEMM,16,2097152,NCCL,B1_SLICE_SERIAL,DEFAULT,20,45,PASS,1,0,0,143.135994673,5874.52793121,5878.43179703,147.551998496,6209.4078064,6213.34409714,/root/second_nvidia/ag-gemm-bench/results/stage1_20260903T015055Z/stage1_A_DEFAULT_S4_m512k4096n4096_q16w0_rep2/rank{rank}.log,0
global_max,stage1_A_DEFAULT_S4_m512k4096n4096_q16w0_rep2,2026-09-03T02:17:48Z,cs-ec021-cfaa2-server,NVIDIA A800-SXM4-80GB,0,0,4,fp32,2048,4096,4096,AllGather-GEMM,16,2097152,NCCL,B1_SLICE_SERIAL,DEFAULT,20,46,PASS,1,0,0,186.880007386,5945.66392899,5949.5677948,191.456004977,6279.4880867,6283.39195251,/root/second_nvidia/ag-gemm-bench/results/stage1_20260903T015055Z/stage1_A_DEFAULT_S4_m512k4096n4096_q16w0_rep2/rank{rank}.log,0
global_max,stage1_A_DEFAULT_S4_m512k4096n4096_q16w0_rep2,2026-09-03T02:17:48Z,cs-ec021-cfaa2-server,NVIDIA A800-SXM4-80GB,0,0,4,fp32,2048,4096,4096,AllGather-GEMM,16,2097152,NCCL,B1_SLICE_SERIAL,DEFAULT,20,47,PASS,1,0,0,187.871992588,5916.22400284,5920.12786865,192.031994462,6251.42383575,6255.29623032,/root/second_nvidia/ag-gemm-bench/results/stage1_20260903T015055Z/stage1_A_DEFAULT_S4_m512k4096n4096_q16w0_rep2/rank{rank}.log,0
global_max,stage1_A_DEFAULT_S4_m512k4096n4096_q16w0_rep2,2026-09-03T02:17:48Z,cs-ec021-cfaa2-server,NVIDIA A800-SXM4-80GB,0,0,4,fp32,2048,4096,4096,AllGather-GEMM,16,2097152,NCCL,B1_SLICE_SERIAL,DEFAULT,20,48,PASS,1,0,0,197.280004621,5941.63179398,5945.53613663,201.951995492,6273.56815338,6277.59981155,/root/second_nvidia/ag-gemm-bench/results/stage1_20260903T015055Z/stage1_A_DEFAULT_S4_m512k4096n4096_q16w0_rep2/rank{rank}.log,0
global_max,stage1_A_DEFAULT_S4_m512k4096n4096_q16w0_rep2,2026-09-03T02:17:48Z,cs-ec021-cfaa2-server,NVIDIA A800-SXM4-80GB,0,0,4,fp32,2048,4096,4096,AllGather-GEMM,16,2097152,NCCL,B1_SLICE_SERIAL,DEFAULT,20,49,PASS,1,0,0,194.176003337,5939.83983994,5943.9997673,198.623999953,6273.72789383,6277.66418457,/root/second_nvidia/ag-gemm-bench/results/stage1_20260903T015055Z/stage1_A_DEFAULT_S4_m512k4096n4096_q16w0_rep2/rank{rank}.log,0
global_max,stage1_A_DEFAULT_S4_m512k4096n4096_q16w0_rep2,2026-09-03T02:17:48Z,cs-ec021-cfaa2-server,NVIDIA A800-SXM4-80GB,0,0,4,fp32,2048,4096,4096,AllGather-GEMM,16,2097152,NCCL,B2_SLICE_EVENT_OVERLAP,DEFAULT,20,0,PASS,1,0,0,135.744005442,2476.92799568,2480.864048,141.471996903,5816.63990021,5820.57619095,/root/second_nvidia/ag-gemm-bench/results/stage1_20260903T015055Z/stage1_A_DEFAULT_S4_m512k4096n4096_q16w0_rep2/rank{rank}.log,0
global_max,stage1_A_DEFAULT_S4_m512k4096n4096_q16w0_rep2,2026-09-03T02:17:48Z,cs-ec021-cfaa2-server,NVIDIA A800-SXM4-80GB,0,0,4,fp32,2048,4096,4096,AllGather-GEMM,16,2097152,NCCL,B2_SLICE_EVENT_OVERLAP,DEFAULT,20,1,PASS,1,0,0,225.920006633,1848.79994392,1852.70404816,231.583997607,5803.32803726,5807.23190308,/root/second_nvidia/ag-gemm-bench/results/stage1_20260903T015055Z/stage1_A_DEFAULT_S4_m512k4096n4096_q16w0_rep2/rank{rank}.log,0
global_max,stage1_A_DEFAULT_S4_m512k4096n4096_q16w0_rep2,2026-09-03T02:17:48Z,cs-ec021-cfaa2-server,NVIDIA A800-SXM4-80GB,0,0,4,fp32,2048,4096,4096,AllGather-GEMM,16,2097152,NCCL,B2_SLICE_EVENT_OVERLAP,DEFAULT,20,2,PASS,1,0,0,196.735993028,2242.52796173,2246.40011787,202.463999391,5859.96818542,5863.87205124,/root/second_nvidia/ag-gemm-bench/results/stage1_20260903T015055Z/stage1_A_DEFAULT_S4_m512k4096n4096_q16w0_rep2/rank{rank}.log,0
global_max,stage1_A_DEFAULT_S4_m512k4096n4096_q16w0_rep2,2026-09-03T02:17:48Z,cs-ec021-cfaa2-server,NVIDIA A800-SXM4-80GB,0,0,4,fp32,2048,4096,4096,AllGather-GEMM,16,2097152,NCCL,B2_SLICE_EVENT_OVERLAP,DEFAULT,20,3,PASS,1,0,0,423.967987299,2579.16808128,2583.10389519,429.567992687,6098.01578522,6101.95207596,/root/second_nvidia/ag-gemm-bench/results/stage1_20260903T015055Z/stage1_A_DEFAULT_S4_m512k4096n4096_q16w0_rep2/rank{rank}.log,0
global_max,stage1_A_DEFAULT_S4_m512k4096n4096_q16w0_rep2,2026-09-03T02:17:48Z,cs-ec021-cfaa2-server,NVIDIA A800-SXM4-80GB,0,0,4,fp32,2048,4096,4096,AllGather-GEMM,16,2097152,NCCL,B2_SLICE_EVENT_OVERLAP,DEFAULT,20,4,PASS,1,0,0,351.359993219,1741.82403088,1746.55997753,357.087999582,5847.39208221,5851.32789612,/root/second_nvidia/ag-gemm-bench/results/stage1_20260903T015055Z/stage1_A_DEFAULT_S4_m512k4096n4096_q16w0_rep2/rank{rank}.log,0
global_max,stage1_A_DEFAULT_S4_m512k4096n4096_q16w0_rep2,2026-09-03T02:17:48Z,cs-ec021-cfaa2-server,NVIDIA A800-SXM4-80GB,0,0,4,fp32,2048,4096,4096,AllGather-GEMM,16,2097152,NCCL,B2_SLICE_EVENT_OVERLAP,DEFAULT,20,5,PASS,1,0,0,199.616000056,2067.00801849,2070.91188431,205.408006907,5697.72815704,5701.66397095,/root/second_nvidia/ag-gemm-bench/results/stage1_20260903T015055Z/stage1_A_DEFAULT_S4_m512k4096n4096_q16w0_rep2/rank{rank}.log,0
global_max,stage1_A_DEFAULT_S4_m512k4096n4096_q16w0_rep2,2026-09-03T02:17:48Z,cs-ec021-cfaa2-server,NVIDIA A800-SXM4-80GB,0,0,4,fp32,2048,4096,4096,AllGather-GEMM,16,2097152,NCCL,B2_SLICE_EVENT_OVERLAP,DEFAULT,20,6,PASS,1,0,0,202.240005136,2016.63994789,2021.75998688,208.416000009,5794.17610168,5798.0799675,/root/second_nvidia/ag-gemm-bench/results/stage1_20260903T015055Z/stage1_A_DEFAULT_S4_m512k4096n4096_q16w0_rep2/rank{rank}.log,0
global_max,stage1_A_DEFAULT_S4_m512k4096n4096_q16w0_rep2,2026-09-03T02:17:48Z,cs-ec021-cfaa2-server,NVIDIA A800-SXM4-80GB,0,0,4,fp32,2048,4096,4096,AllGather-GEMM,16,2097152,NCCL,B2_SLICE_EVENT_OVERLAP,DEFAULT,20,7,PASS,1,0,0,191.072002053,2157.75990486,2161.60011292,196.672007442,5768.76783371,5772.70412445,/root/second_nvidia/ag-gemm-bench/results/stage1_20260903T015055Z/stage1_A_DEFAULT_S4_m512k4096n4096_q16w0_rep2/rank{rank}.log,0
global_max,stage1_A_DEFAULT_S4_m512k4096n4096_q16w0_rep2,2026-09-03T02:17:48Z,cs-ec021-cfaa2-server,NVIDIA A800-SXM4-80GB,0,0,4,fp32,2048,4096,4096,AllGather-GEMM,16,2097152,NCCL,B2_SLICE_EVENT_OVERLAP,DEFAULT,20,8,PASS,1,0,0,204.576000571,1806.52797222,1810.43195724,210.304006934,5784.44814682,5788.38396072,/root/second_nvidia/ag-gemm-bench/results/stage1_20260903T015055Z/stage1_A_DEFAULT_S4_m512k4096n4096_q16w0_rep2/rank{rank}.log,0
global_max,stage1_A_DEFAULT_S4_m512k4096n4096_q16w0_rep2,2026-09-03T02:17:48Z,cs-ec021-cfaa2-server,NVIDIA A800-SXM4-80GB,0,0,4,fp32,2048,4096,4096,AllGather-GEMM,16,2097152,NCCL,B2_SLICE_EVENT_OVERLAP,DEFAULT,20,9,PASS,1,0,0,221.215993166,2167.74392128,2171.6799736,226.879999042,5801.5999794,5805.50384521,/root/second_nvidia/ag-gemm-bench/results/stage1_20260903T015055Z/stage1_A_DEFAULT_S4_m512k4096n4096_q16w0_rep2/rank{rank}.log,0
global_max,stage1_A_DEFAULT_S4_m512k4096n4096_q16w0_rep2,2026-09-03T02:17:48Z,cs-ec021-cfaa2-server,NVIDIA A800-SXM4-80GB,0,0,4,fp32,2048,4096,4096,AllGather-GEMM,16,2097152,NCCL,B2_SLICE_EVENT_OVERLAP,DEFAULT,20,10,PASS,1,0,0,463.968008757,1743.58403683,1747.55203724,469.599992037,5961.34376526,5965.280056,/root/second_nvidia/ag-gemm-bench/results/stage1_20260903T015055Z/stage1_A_DEFAULT_S4_m512k4096n4096_q16w0_rep2/rank{rank}.log,0
global_max,stage1_A_DEFAULT_S4_m512k4096n4096_q16w0_rep2,2026-09-03T02:17:48Z,cs-ec021-cfaa2-server,NVIDIA A800-SXM4-80GB,0,0,4,fp32,2048,4096,4096,AllGather-GEMM,16,2097152,NCCL,B2_SLICE_EVENT_OVERLAP,DEFAULT,20,11,PASS,1,0,0,176.415994763,2443.52006912,2447.45588303,182.080000639,5866.91188812,5870.84817886,/root/second_nvidia/ag-gemm-bench/results/stage1_20260903T015055Z/stage1_A_DEFAULT_S4_m512k4096n4096_q16w0_rep2/rank{rank}.log,0
global_max,stage1_A_DEFAULT_S4_m512k4096n4096_q16w0_rep2,2026-09-03T02:17:48Z,cs-ec021-cfaa2-server,NVIDIA A800-SXM4-80GB,0,0,4,fp32,2048,4096,4096,AllGather-GEMM,16,2097152,NCCL,B2_SLICE_EVENT_OVERLAP,DEFAULT,20,12,PASS,1,0,0,357.024013996,1951.04002953,1955.6800127,362.655997276,5859.45606232,5863.39187622,/root/second_nvidia/ag-gemm-bench/results/stage1_20260903T015055Z/stage1_A_DEFAULT_S4_m512k4096n4096_q16w0_rep2/rank{rank}.log,0
global_max,stage1_A_DEFAULT_S4_m512k4096n4096_q16w0_rep2,2026-09-03T02:17:48Z,cs-ec021-cfaa2-server,NVIDIA A800-SXM4-80GB,0,0,4,fp32,2048,4096,4096,AllGather-GEMM,16,2097152,NCCL,B2_SLICE_EVENT_OVERLAP,DEFAULT,20,13,PASS,1,0,0,206.336006522,1548.79999161,1552.70397663,212.255999446,5711.4238739,5715.32821655,/root/second_nvidia/ag-gemm-bench/results/stage1_20260903T015055Z/stage1_A_DEFAULT_S4_m512k4096n4096_q16w0_rep2/rank{rank}.log,0
global_max,stage1_A_DEFAULT_S4_m512k4096n4096_q16w0_rep2,2026-09-03T02:17:48Z,cs-ec021-cfaa2-server,NVIDIA A800-SXM4-80GB,0,0,4,fp32,2048,4096,4096,AllGather-GEMM,16,2097152,NCCL,B2_SLICE_EVENT_OVERLAP,DEFAULT,20,14,PASS,1,0,0,218.623995781,1920.57597637,1924.73602295,224.511995912,5796.48017883,5800.38404465,/root/second_nvidia/ag-gemm-bench/results/stage1_20260903T015055Z/stage1_A_DEFAULT_S4_m512k4096n4096_q16w0_rep2/rank{rank}.log,0
global_max,stage1_A_DEFAULT_S4_m512k4096n4096_q16w0_rep2,2026-09-03T02:17:49Z,cs-ec021-cfaa2-server,NVIDIA A800-SXM4-80GB,0,0,4,fp32,2048,4096,4096,AllGather-GEMM,16,2097152,NCCL,B2_SLICE_EVENT_OVERLAP,DEFAULT,20,15,PASS,1,0,0,209.408000112,1495.32794952,1499.23205376,215.424001217,5772.48001099,5776.3838768,/root/second_nvidia/ag-gemm-bench/results/stage1_20260903T015055Z/stage1_A_DEFAULT_S4_m512k4096n4096_q16w0_rep2/rank{rank}.log,0
global_max,stage1_A_DEFAULT_S4_m512k4096n4096_q16w0_rep2,2026-09-03T02:17:49Z,cs-ec021-cfaa2-server,NVIDIA A800-SXM4-80GB,0,0,4,fp32,2048,4096,4096,AllGather-GEMM,16,2097152,NCCL,B2_SLICE_EVENT_OVERLAP,DEFAULT,20,16,PASS,1,0,0,187.96800077,2136.480093,2141.18409157,193.696007133,5777.50396729,5781.43978119,/root/second_nvidia/ag-gemm-bench/results/stage1_20260903T015055Z/stage1_A_DEFAULT_S4_m512k4096n4096_q16w0_rep2/rank{rank}.log,0
global_max,stage1_A_DEFAULT_S4_m512k4096n4096_q16w0_rep2,2026-09-03T02:17:49Z,cs-ec021-cfaa2-server,NVIDIA A800-SXM4-80GB,0,0,4,fp32,2048,4096,4096,AllGather-GEMM,16,2097152,NCCL,B2_SLICE_EVENT_OVERLAP,DEFAULT,20,17,PASS,1,0,0,420.255988836,2378.56006622,2382.49611855,426.048010588,5997.08795547,6001.02376938,/root/second_nvidia/ag-gemm-bench/results/stage1_20260903T015055Z/stage1_A_DEFAULT_S4_m512k4096n4096_q16w0_rep2/rank{rank}.log,0
global_max,stage1_A_DEFAULT_S4_m512k4096n4096_q16w0_rep2,2026-09-03T02:17:49Z,cs-ec021-cfaa2-server,NVIDIA A800-SXM4-80GB,0,0,4,fp32,2048,4096,4096,AllGather-GEMM,16,2097152,NCCL,B2_SLICE_EVENT_OVERLAP,DEFAULT,20,18,PASS,1,0,0,212.224006653,1570.27196884,1574.46396351,218.272000551,5785.4719162,5789.40820694,/root/second_nvidia/ag-gemm-bench/results/stage1_20260903T015055Z/stage1_A_DEFAULT_S4_m512k4096n4096_q16w0_rep2/rank{rank}.log,0
global_max,stage1_A_DEFAULT_S4_m512k4096n4096_q16w0_rep2,2026-09-03T02:17:49Z,cs-ec021-cfaa2-server,NVIDIA A800-SXM4-80GB,0,0,4,fp32,2048,4096,4096,AllGather-GEMM,16,2097152,NCCL,B2_SLICE_EVENT_OVERLAP,DEFAULT,20,19,PASS,1,0,0,182.87999928,3473.79207611,3477.69594193,188.703998923,6029.72793579,6033.66422653,/root/second_nvidia/ag-gemm-bench/results/stage1_20260903T015055Z/stage1_A_DEFAULT_S4_m512k4096n4096_q16w0_rep2/rank{rank}.log,0
global_max,stage1_A_DEFAULT_S4_m512k4096n4096_q16w0_rep2,2026-09-03T02:17:49Z,cs-ec021-cfaa2-server,NVIDIA A800-SXM4-80GB,0,0,4,fp32,2048,4096,4096,AllGather-GEMM,16,2097152,NCCL,B2_SLICE_EVENT_OVERLAP,DEFAULT,20,20,PASS,1,0,0,204.383999109,1546.49603367,1550.40001869,210.079997778,5705.12008667,5709.02395248,/root/second_nvidia/ag-gemm-bench/results/stage1_20260903T015055Z/stage1_A_DEFAULT_S4_m512k4096n4096_q16w0_rep2/rank{rank}.log,0
global_max,stage1_A_DEFAULT_S4_m512k4096n4096_q16w0_rep2,2026-09-03T02:17:49Z,cs-ec021-cfaa2-server,NVIDIA A800-SXM4-80GB,0,0,4,fp32,2048,4096,4096,AllGather-GEMM,16,2097152,NCCL,B2_SLICE_EVENT_OVERLAP,DEFAULT,20,21,PASS,1,0,0,363.359987736,2738.46411705,2742.36798286,369.152009487,6030.87997437,6034.78384018,/root/second_nvidia/ag-gemm-bench/results/stage1_20260903T015055Z/stage1_A_DEFAULT_S4_m512k4096n4096_q16w0_rep2/rank{rank}.log,0
global_max,stage1_A_DEFAULT_S4_m512k4096n4096_q16w0_rep2,2026-09-03T02:17:49Z,cs-ec021-cfaa2-server,NVIDIA A800-SXM4-80GB,0,0,4,fp32,2048,4096,4096,AllGather-GEMM,16,2097152,NCCL,B2_SLICE_EVENT_OVERLAP,DEFAULT,20,22,PASS,1,0,0,150.048002601,1752.12800503,1756.44803047,155.775994062,5728.99198532,5732.89585114,/root/second_nvidia/ag-gemm-bench/results/stage1_20260903T015055Z/stage1_A_DEFAULT_S4_m512k4096n4096_q16w0_rep2/rank{rank}.log,0
global_max,stage1_A_DEFAULT_S4_m512k4096n4096_q16w0_rep2,2026-09-03T02:17:49Z,cs-ec021-cfaa2-server,NVIDIA A800-SXM4-80GB,0,0,4,fp32,2048,4096,4096,AllGather-GEMM,16,2097152,NCCL,B2_SLICE_EVENT_OVERLAP,DEFAULT,20,23,PASS,1,0,0,180.096000433,1780.4479599,1784.83200073,185.824006796,5758.24022293,5762.17603683,/root/second_nvidia/ag-gemm-bench/results/stage1_20260903T015055Z/stage1_A_DEFAULT_S4_m512k4096n4096_q16w0_rep2/rank{rank}.log,0
global_max,stage1_A_DEFAULT_S4_m512k4096n4096_q16w0_rep2,2026-09-03T02:17:49Z,cs-ec021-cfaa2-server,NVIDIA A800-SXM4-80GB,0,0,4,fp32,2048,4096,4096,AllGather-GEMM,16,2097152,NCCL,B2_SLICE_EVENT_OVERLAP,DEFAULT,20,24,PASS,1,0,0,246.815994382,3210.78395844,3214.72001076,252.512007952,6086.71998978,6090.65580368,/root/second_nvidia/ag-gemm-bench/results/stage1_20260903T015055Z/stage1_A_DEFAULT_S4_m512k4096n4096_q16w0_rep2/rank{rank}.log,0
global_max,stage1_A_DEFAULT_S4_m512k4096n4096_q16w0_rep2,2026-09-03T02:17:49Z,cs-ec021-cfaa2-server,NVIDIA A800-SXM4-80GB,0,0,4,fp32,2048,4096,4096,AllGather-GEMM,16,2097152,NCCL,B2_SLICE_EVENT_OVERLAP,DEFAULT,20,25,PASS,1,0,0,341.055989265,1411.00800037,1414.88003731,346.911996603,5836.4481926,5840.32011032,/root/second_nvidia/ag-gemm-bench/results/stage1_20260903T015055Z/stage1_A_DEFAULT_S4_m512k4096n4096_q16w0_rep2/rank{rank}.log,0
global_max,stage1_A_DEFAULT_S4_m512k4096n4096_q16w0_rep2,2026-09-03T02:17:49Z,cs-ec021-cfaa2-server,NVIDIA A800-SXM4-80GB,0,0,4,fp32,2048,4096,4096,AllGather-GEMM,16,2097152,NCCL,B2_SLICE_EVENT_OVERLAP,DEFAULT,20,26,PASS,1,0,0,386.848002672,2022.43208885,2026.33595467,392.70401001,5980.38387299,5984.28821564,/root/second_nvidia/ag-gemm-bench/results/stage1_20260903T015055Z/stage1_A_DEFAULT_S4_m512k4096n4096_q16w0_rep2/rank{rank}.log,0
global_max,stage1_A_DEFAULT_S4_m512k4096n4096_q16w0_rep2,2026-09-03T02:17:49Z,cs-ec021-cfaa2-server,NVIDIA A800-SXM4-80GB,0,0,4,fp32,2048,4096,4096,AllGather-GEMM,16,2097152,NCCL,B2_SLICE_EVENT_OVERLAP,DEFAULT,20,27,PASS,1,0,0,222.399994731,1833.31203461,1837.21601963,228.512004018,5800.12798309,5803.99990082,/root/second_nvidia/ag-gemm-bench/results/stage1_20260903T015055Z/stage1_A_DEFAULT_S4_m512k4096n4096_q16w0_rep2/rank{rank}.log,0
global_max,stage1_A_DEFAULT_S4_m512k4096n4096_q16w0_rep2,2026-09-03T02:17:49Z,cs-ec021-cfaa2-server,NVIDIA A800-SXM4-80GB,0,0,4,fp32,2048,4096,4096,AllGather-GEMM,16,2097152,NCCL,B2_SLICE_EVENT_OVERLAP,DEFAULT,20,28,PASS,1,0,0,186.527997255,1528.99205685,1532.92798996,192.192003131,5690.14406204,5694.07987595,/root/second_nvidia/ag-gemm-bench/results/stage1_20260903T015055Z/stage1_A_DEFAULT_S4_m512k4096n4096_q16w0_rep2/rank{rank}.log,0
global_max,stage1_A_DEFAULT_S4_m512k4096n4096_q16w0_rep2,2026-09-03T02:17:49Z,cs-ec021-cfaa2-server,NVIDIA A800-SXM4-80GB,0,0,4,fp32,2048,4096,4096,AllGather-GEMM,16,2097152,NCCL,B2_SLICE_EVENT_OVERLAP,DEFAULT,20,29,PASS,1,0,0,226.33600235,2078.5279274,2082.46397972,232.511997223,5814.59188461,5818.49622726,/root/second_nvidia/ag-gemm-bench/results/stage1_20260903T015055Z/stage1_A_DEFAULT_S4_m512k4096n4096_q16w0_rep2/rank{rank}.log,0
global_max,stage1_A_DEFAULT_S4_m512k4096n4096_q16w0_rep2,2026-09-03T02:17:49Z,cs-ec021-cfaa2-server,NVIDIA A800-SXM4-80GB,0,0,4,fp32,2048,4096,4096,AllGather-GEMM,16,2097152,NCCL,B2_SLICE_EVENT_OVERLAP,DEFAULT,20,30,PASS,1,0,0,214.39999342,1492.4479723,1496.35195732,220.063999295,5791.20016098,5795.10402679,/root/second_nvidia/ag-gemm-bench/results/stage1_20260903T015055Z/stage1_A_DEFAULT_S4_m512k4096n4096_q16w0_rep2/rank{rank}.log,0
global_max,stage1_A_DEFAULT_S4_m512k4096n4096_q16w0_rep2,2026-09-03T02:17:49Z,cs-ec021-cfaa2-server,NVIDIA A800-SXM4-80GB,0,0,4,fp32,2048,4096,4096,AllGather-GEMM,16,2097152,NCCL,B2_SLICE_EVENT_OVERLAP,DEFAULT,20,31,PASS,1,0,0,233.728006482,1838.17601204,1842.07999706,239.424005151,5810.23979187,5814.17608261,/root/second_nvidia/ag-gemm-bench/results/stage1_20260903T015055Z/stage1_A_DEFAULT_S4_m512k4096n4096_q16w0_rep2/rank{rank}.log,0
global_max,stage1_A_DEFAULT_S4_m512k4096n4096_q16w0_rep2,2026-09-03T02:17:49Z,cs-ec021-cfaa2-server,NVIDIA A800-SXM4-80GB,0,0,4,fp32,2048,4096,4096,AllGather-GEMM,16,2097152,NCCL,B2_SLICE_EVENT_OVERLAP,DEFAULT,20,32,PASS,1,0,0,170.624002814,2116.31989479,2120.2878952,176.38400197,5817.66414642,5821.56801224,/root/second_nvidia/ag-gemm-bench/results/stage1_20260903T015055Z/stage1_A_DEFAULT_S4_m512k4096n4096_q16w0_rep2/rank{rank}.log,0
global_max,stage1_A_DEFAULT_S4_m512k4096n4096_q16w0_rep2,2026-09-03T02:17:49Z,cs-ec021-cfaa2-server,NVIDIA A800-SXM4-80GB,0,0,4,fp32,2048,4096,4096,AllGather-GEMM,16,2097152,NCCL,B2_SLICE_EVENT_OVERLAP,DEFAULT,20,33,PASS,1,0,0,253.760010004,1589.95199203,1593.85597706,259.647995234,5748.60811234,5752.51197815,/root/second_nvidia/ag-gemm-bench/results/stage1_20260903T015055Z/stage1_A_DEFAULT_S4_m512k4096n4096_q16w0_rep2/rank{rank}.log,0
global_max,stage1_A_DEFAULT_S4_m512k4096n4096_q16w0_rep2,2026-09-03T02:17:50Z,cs-ec021-cfaa2-server,NVIDIA A800-SXM4-80GB,0,0,4,fp32,2048,4096,4096,AllGather-GEMM,16,2097152,NCCL,B2_SLICE_EVENT_OVERLAP,DEFAULT,20,34,PASS,1,0,0,252.703994513,1579.26404476,1583.29594135,258.46400857,5743.04008484,5746.97589874,/root/second_nvidia/ag-gemm-bench/results/stage1_20260903T015055Z/stage1_A_DEFAULT_S4_m512k4096n4096_q16w0_rep2/rank{rank}.log,0
global_max,stage1_A_DEFAULT_S4_m512k4096n4096_q16w0_rep2,2026-09-03T02:17:50Z,cs-ec021-cfaa2-server,NVIDIA A800-SXM4-80GB,0,0,4,fp32,2048,4096,4096,AllGather-GEMM,16,2097152,NCCL,B2_SLICE_EVENT_OVERLAP,DEFAULT,20,35,PASS,1,0,0,222.624003887,2270.14398575,2274.08003807,228.287994862,5883.93592834,5887.87221909,/root/second_nvidia/ag-gemm-bench/results/stage1_20260903T015055Z/stage1_A_DEFAULT_S4_m512k4096n4096_q16w0_rep2/rank{rank}.log,0
global_max,stage1_A_DEFAULT_S4_m512k4096n4096_q16w0_rep2,2026-09-03T02:17:50Z,cs-ec021-cfaa2-server,NVIDIA A800-SXM4-80GB,0,0,4,fp32,2048,4096,4096,AllGather-GEMM,16,2097152,NCCL,B2_SLICE_EVENT_OVERLAP,DEFAULT,20,36,PASS,1,0,0,227.968007326,2018.23997498,2022.14407921,233.567997813,5809.5998764,5813.50421906,/root/second_nvidia/ag-gemm-bench/results/stage1_20260903T015055Z/stage1_A_DEFAULT_S4_m512k4096n4096_q16w0_rep2/rank{rank}.log,0
global_max,stage1_A_DEFAULT_S4_m512k4096n4096_q16w0_rep2,2026-09-03T02:17:50Z,cs-ec021-cfaa2-server,NVIDIA A800-SXM4-80GB,0,0,4,fp32,2048,4096,4096,AllGather-GEMM,16,2097152,NCCL,B2_SLICE_EVENT_OVERLAP,DEFAULT,20,37,PASS,1,0,0,412.64000535,1744.79997158,1748.7039566,418.52799058,5912.09602356,5916.03183746,/root/second_nvidia/ag-gemm-bench/results/stage1_20260903T015055Z/stage1_A_DEFAULT_S4_m512k4096n4096_q16w0_rep2/rank{rank}.log,0
global_max,stage1_A_DEFAULT_S4_m512k4096n4096_q16w0_rep2,2026-09-03T02:17:50Z,cs-ec021-cfaa2-server,NVIDIA A800-SXM4-80GB,0,0,4,fp32,2048,4096,4096,AllGather-GEMM,16,2097152,NCCL,B2_SLICE_EVENT_OVERLAP,DEFAULT,20,38,PASS,1,0,0,404.511988163,2695.80793381,2699.80788231,410.239994526,6067.9359436,6071.83980942,/root/second_nvidia/ag-gemm-bench/results/stage1_20260903T015055Z/stage1_A_DEFAULT_S4_m512k4096n4096_q16w0_rep2/rank{rank}.log,0
global_max,stage1_A_DEFAULT_S4_m512k4096n4096_q16w0_rep2,2026-09-03T02:17:50Z,cs-ec021-cfaa2-server,NVIDIA A800-SXM4-80GB,0,0,4,fp32,2048,4096,4096,AllGather-GEMM,16,2097152,NCCL,B2_SLICE_EVENT_OVERLAP,DEFAULT,20,39,PASS,1,0,0,251.00800395,2297.44005203,2301.31196976,256.736010313,5923.00796509,5926.9118309,/root/second_nvidia/ag-gemm-bench/results/stage1_20260903T015055Z/stage1_A_DEFAULT_S4_m512k4096n4096_q16w0_rep2/rank{rank}.log,0
global_max,stage1_A_DEFAULT_S4_m512k4096n4096_q16w0_rep2,2026-09-03T02:17:50Z,cs-ec021-cfaa2-server,NVIDIA A800-SXM4-80GB,0,0,4,fp32,2048,4096,4096,AllGather-GEMM,16,2097152,NCCL,B2_SLICE_EVENT_OVERLAP,DEFAULT,20,40,PASS,1,0,0,199.328005314,2071.80809975,2075.71196556,205.08800447,5776.86405182,5781.15177155,/root/second_nvidia/ag-gemm-bench/results/stage1_20260903T015055Z/stage1_A_DEFAULT_S4_m512k4096n4096_q16w0_rep2/rank{rank}.log,0
global_max,stage1_A_DEFAULT_S4_m512k4096n4096_q16w0_rep2,2026-09-03T02:17:50Z,cs-ec021-cfaa2-server,NVIDIA A800-SXM4-80GB,0,0,4,fp32,2048,4096,4096,AllGather-GEMM,16,2097152,NCCL,B2_SLICE_EVENT_OVERLAP,DEFAULT,20,41,PASS,1,0,0,201.66400075,2399.61600304,2403.52010727,207.359999418,5866.91188812,5870.81623077,/root/second_nvidia/ag-gemm-bench/results/stage1_20260903T015055Z/stage1_A_DEFAULT_S4_m512k4096n4096_q16w0_rep2/rank{rank}.log,0
global_max,stage1_A_DEFAULT_S4_m512k4096n4096_q16w0_rep2,2026-09-03T02:17:50Z,cs-ec021-cfaa2-server,NVIDIA A800-SXM4-80GB,0,0,4,fp32,2048,4096,4096,AllGather-GEMM,16,2097152,NCCL,B2_SLICE_EVENT_OVERLAP,DEFAULT,20,42,PASS,1,0,0,192.095994949,1811.00797653,1815.10400772,198.080003262,5771.58403397,5775.48789978,/root/second_nvidia/ag-gemm-bench/results/stage1_20260903T015055Z/stage1_A_DEFAULT_S4_m512k4096n4096_q16w0_rep2/rank{rank}.log,0
global_max,stage1_A_DEFAULT_S4_m512k4096n4096_q16w0_rep2,2026-09-03T02:17:50Z,cs-ec021-cfaa2-server,NVIDIA A800-SXM4-80GB,0,0,4,fp32,2048,4096,4096,AllGather-GEMM,16,2097152,NCCL,B2_SLICE_EVENT_OVERLAP,DEFAULT,20,43,PASS,1,0,0,231.488004327,2389.66393471,2394.56009865,237.184002995,5900.09593964,5904.16002274,/root/second_nvidia/ag-gemm-bench/results/stage1_20260903T015055Z/stage1_A_DEFAULT_S4_m512k4096n4096_q16w0_rep2/rank{rank}.log,0
global_max,stage1_A_DEFAULT_S4_m512k4096n4096_q16w0_rep2,2026-09-03T02:17:50Z,cs-ec021-cfaa2-server,NVIDIA A800-SXM4-80GB,0,0,4,fp32,2048,4096,4096,AllGather-GEMM,16,2097152,NCCL,B2_SLICE_EVENT_OVERLAP,DEFAULT,20,44,PASS,1,0,0,210.879996419,2337.69607544,2341.82405472,216.544002295,5797.85585403,5801.79214478,/root/second_nvidia/ag-gemm-bench/results/stage1_20260903T015055Z/stage1_A_DEFAULT_S4_m512k4096n4096_q16w0_rep2/rank{rank}.log,0
global_max,stage1_A_DEFAULT_S4_m512k4096n4096_q16w0_rep2,2026-09-03T02:17:50Z,cs-ec021-cfaa2-server,NVIDIA A800-SXM4-80GB,0,0,4,fp32,2048,4096,4096,AllGather-GEMM,16,2097152,NCCL,B2_SLICE_EVENT_OVERLAP,DEFAULT,20,45,PASS,1,0,0,186.240002513,1744.41599846,1748.35205078,191.967993975,5676.67198181,5680.60779572,/root/second_nvidia/ag-gemm-bench/results/stage1_20260903T015055Z/stage1_A_DEFAULT_S4_m512k4096n4096_q16w0_rep2/rank{rank}.log,0
global_max,stage1_A_DEFAULT_S4_m512k4096n4096_q16w0_rep2,2026-09-03T02:17:50Z,cs-ec021-cfaa2-server,NVIDIA A800-SXM4-80GB,0,0,4,fp32,2048,4096,4096,AllGather-GEMM,16,2097152,NCCL,B2_SLICE_EVENT_OVERLAP,DEFAULT,20,46,PASS,1,0,0,179.519996047,1788.80000114,1792.70398617,185.34399569,5760.92815399,5764.8639679,/root/second_nvidia/ag-gemm-bench/results/stage1_20260903T015055Z/stage1_A_DEFAULT_S4_m512k4096n4096_q16w0_rep2/rank{rank}.log,0
global_max,stage1_A_DEFAULT_S4_m512k4096n4096_q16w0_rep2,2026-09-03T02:17:50Z,cs-ec021-cfaa2-server,NVIDIA A800-SXM4-80GB,0,0,4,fp32,2048,4096,4096,AllGather-GEMM,16,2097152,NCCL,B2_SLICE_EVENT_OVERLAP,DEFAULT,20,47,PASS,1,0,0,207.039996982,1808.12799931,1812.00003624,212.832003832,5784.44814682,5788.35201263,/root/second_nvidia/ag-gemm-bench/results/stage1_20260903T015055Z/stage1_A_DEFAULT_S4_m512k4096n4096_q16w0_rep2/rank{rank}.log,0
global_max,stage1_A_DEFAULT_S4_m512k4096n4096_q16w0_rep2,2026-09-03T02:17:50Z,cs-ec021-cfaa2-server,NVIDIA A800-SXM4-80GB,0,0,4,fp32,2048,4096,4096,AllGather-GEMM,16,2097152,NCCL,B2_SLICE_EVENT_OVERLAP,DEFAULT,20,48,PASS,1,0,0,196.22400403,1035.58397293,1039.48795795,201.887995005,5608.7679863,5612.67185211,/root/second_nvidia/ag-gemm-bench/results/stage1_20260903T015055Z/stage1_A_DEFAULT_S4_m512k4096n4096_q16w0_rep2/rank{rank}.log,0
global_max,stage1_A_DEFAULT_S4_m512k4096n4096_q16w0_rep2,2026-09-03T02:17:50Z,cs-ec021-cfaa2-server,NVIDIA A800-SXM4-80GB,0,0,4,fp32,2048,4096,4096,AllGather-GEMM,16,2097152,NCCL,B2_SLICE_EVENT_OVERLAP,DEFAULT,20,49,PASS,1,0,0,275.135993958,1818.59195232,1822.84796238,280.831992626,5861.88793182,5865.82422256,/root/second_nvidia/ag-gemm-bench/results/stage1_20260903T015055Z/stage1_A_DEFAULT_S4_m512k4096n4096_q16w0_rep2/rank{rank}.log,0
